0 0.0515625 0.1388888888888889 0.03125 0.06666666666666667
1 0.4765625 0.03611111111111111 0.0359375 0.06944444444444445
2 0.9 0.125 0.0296875 0.058333333333333334
3 0.0609375 0.8944444444444445 0.03125 0.06666666666666667
4 0.48125 0.975 0.0453125 0.05
5 0.8953125 0.8888888888888888 0.0359375 0.06666666666666667
19 0.0796875 0.6027777777777777 0.0203125 0.03333333333333333
10 0.0703125 0.7916666666666666 0.021875 0.03888888888888889
17 0.1375 0.7333333333333333 0.0234375 0.03888888888888889
15 0.3453125 0.7777777777777778 0.0234375 0.044444444444444446
7 0.359375 0.46944444444444444 0.021875 0.044444444444444446
12 0.4109375 0.33611111111111114 0.0265625 0.04722222222222222
8 0.3140625 0.43333333333333335 0.0234375 0.041666666666666664
14 0.4359375 0.5222222222222223 0.025 0.044444444444444446
9 0.5515625 0.8388888888888889 0.025 0.044444444444444446
6 0.8609375 0.6527777777777778 0.01875 0.05
20 0.325 0.9055555555555556 0.0234375 0.044444444444444446