1 0.4765625 0.03611111111111111 0.040625 0.06388888888888888
2 0.9046875 0.125 0.0296875 0.05555555555555555
3 0.059375 0.8972222222222223 0.0296875 0.06111111111111111
4 0.4796875 0.9694444444444444 0.0375 0.05555555555555555
5 0.8953125 0.8861111111111111 0.0328125 0.058333333333333334
6 0.409375 0.5722222222222222 0.025 0.04722222222222222
7 0.1 0.4638888888888889 0.0203125 0.03611111111111111
14 0.3765625 0.8111111111111111 0.0234375 0.041666666666666664
15 0.15 0.7916666666666666 0.0203125 0.03888888888888889
16 0.1171875 0.7722222222222223 0.0203125 0.03888888888888889
17 0.075 0.6583333333333333 0.01875 0.03888888888888889
18 0.6828125 0.9083333333333333 0.0234375 0.041666666666666664
19 0.8546875 0.6583333333333333 0.0203125 0.03611111111111111
20 0.2265625 0.8527777777777777 0.021875 0.041666666666666664
21 0.78125 0.6833333333333333 0.0234375 0.044444444444444446
9 0.55 0.8388888888888889 0.0234375 0.044444444444444446
10 0.29375 0.5555555555555556 0.025 0.044444444444444446
11 0.3625 0.5222222222222223 0.025 0.04722222222222222
12 0.353125 0.8888888888888888 0.025 0.044444444444444446
13 0.5875 0.8 0.0265625 0.041666666666666664