0 0.0515625 0.1361111111111111 0.034375 0.075
1 0.475 0.03611111111111111 0.0359375 0.06944444444444445
2 0.9 0.12222222222222222 0.0359375 0.075
3 0.0609375 0.8972222222222223 0.0390625 0.07777777777777778
4 0.48125 0.9694444444444444 0.0390625 0.058333333333333334
5 0.896875 0.8888888888888888 0.040625 0.075
10 0.071875 0.7916666666666666 0.01875 0.03333333333333333
17 0.13125 0.6861111111111111 0.01875 0.03888888888888889
7 0.1453125 0.7277777777777777 0.01875 0.041666666666666664
20 0.2265625 0.7277777777777777 0.01875 0.041666666666666664
8 0.35 0.26666666666666666 0.0234375 0.03611111111111111
19 0.6171875 0.15833333333333333 0.0234375 0.03888888888888889
14 0.615625 0.65 0.025 0.05
9 0.55 0.8416666666666667 0.028125 0.03333333333333333
15 0.3953125 0.9138888888888889 0.0234375 0.041666666666666664
15 0.7609375 0.13333333333333333 0.0234375 0.044444444444444446