0 0.0484375 0.13333333333333333 0.03125 0.06111111111111111
1 0.4765625 0.03611111111111111 0.0390625 0.06944444444444445
2 0.9 0.12222222222222222 0.0328125 0.06111111111111111
3 0.059375 0.8944444444444445 0.0296875 0.06388888888888888
4 0.4796875 0.9722222222222222 0.0390625 0.05555555555555555
5 0.8953125 0.8916666666666667 0.028125 0.06111111111111111
6 0.4359375 0.8444444444444444 0.0234375 0.041666666666666664
7 0.8921875 0.43333333333333335 0.0171875 0.03888888888888889
14 0.4359375 0.5166666666666667 0.025 0.04722222222222222
15 0.1671875 0.7888888888888889 0.0203125 0.03888888888888889
16 0.4109375 0.09722222222222222 0.0234375 0.044444444444444446
17 0.6328125 0.4527777777777778 0.0234375 0.04722222222222222
19 0.6421875 0.49444444444444446 0.0234375 0.04722222222222222
20 0.325 0.9055555555555556 0.021875 0.041666666666666664
8 0.6140625 0.08888888888888889 0.0234375 0.041666666666666664
9 0.55 0.8388888888888889 0.025 0.041666666666666664
10 0.1140625 0.8194444444444444 0.01875 0.03888888888888889
12 0.065625 0.4222222222222222 0.021875 0.03888888888888889
13 0.85625 0.8194444444444444 0.0203125 0.041666666666666664