0 0.05625 0.125 0.0265625 0.05555555555555555
1 0.4859375 0.03333333333333333 0.0390625 0.06388888888888888
2 0.909375 0.13055555555555556 0.0296875 0.05
3 0.065625 0.8888888888888888 0.0359375 0.058333333333333334
4 0.484375 0.975 0.034375 0.05
5 0.9 0.8888888888888888 0.0328125 0.05277777777777778
6 0.1875 0.4861111111111111 0.0234375 0.05
14 0.146875 0.24166666666666667 0.025 0.041666666666666664
17 0.66875 0.7111111111111111 0.025 0.044444444444444446
20 0.215625 0.21944444444444444 0.025 0.044444444444444446
8 0.7203125 0.4111111111111111 0.0265625 0.04722222222222222