0 0.059375 0.125 0.028125 0.05
1 0.484375 0.030555555555555555 0.0328125 0.058333333333333334
2 0.909375 0.12222222222222222 0.03125 0.058333333333333334
3 0.0640625 0.8805555555555555 0.028125 0.058333333333333334
4 0.4828125 0.975 0.0390625 0.05
5 0.9 0.8916666666666667 0.0296875 0.058333333333333334
6 0.1515625 0.6638888888888889 0.0234375 0.03611111111111111
14 0.2046875 0.8055555555555556 0.0234375 0.04722222222222222
17 0.640625 0.2111111111111111 0.025 0.044444444444444446
20 0.46875 0.33055555555555555 0.025 0.04722222222222222
8 0.6765625 0.35 0.0265625 0.044444444444444446
10 0.3546875 0.4027777777777778 0.0265625 0.05