0 0.0515625 0.14166666666666666 0.0296875 0.05555555555555555
1 0.478125 0.03611111111111111 0.0359375 0.06388888888888888
2 0.8984375 0.13055555555555556 0.0296875 0.06666666666666667
3 0.059375 0.8972222222222223 0.03125 0.06388888888888888
4 0.478125 0.975 0.040625 0.05
5 0.89375 0.8916666666666667 0.0328125 0.058333333333333334
21 0.2703125 0.9166666666666666 0.0234375 0.04722222222222222
20 0.45 0.22777777777777777 0.0234375 0.044444444444444446
6 0.4046875 0.8444444444444444 0.0296875 0.044444444444444446
21 0.5640625 0.8583333333333333 0.0265625 0.041666666666666664
12 0.7046875 0.8805555555555555 0.025 0.03611111111111111
11 0.734375 0.8777777777777778 0.021875 0.041666666666666664
16 0.778125 0.8388888888888889 0.0203125 0.041666666666666664
14 0.846875 0.38333333333333336 0.0234375 0.03888888888888889
18 0.8609375 0.25 0.0234375 0.041666666666666664
7 0.7421875 0.65 0.0234375 0.04722222222222222
13 0.7921875 0.6777777777777778 0.021875 0.044444444444444446
8 0.8390625 0.8055555555555556 0.0203125 0.044444444444444446
17 0.8546875 0.85 0.0203125 0.03888888888888889
15 0.8890625 0.8416666666666667 0.0203125 0.041666666666666664
9 0.7953125 0.8916666666666667 0.025 0.041666666666666664