0 0.05 0.14444444444444443 0.0328125 0.05555555555555555
1 0.4765625 0.03888888888888889 0.0375 0.07222222222222222
2 0.9015625 0.12777777777777777 0.0328125 0.06111111111111111
3 0.059375 0.8944444444444445 0.0296875 0.06388888888888888
4 0.4796875 0.9722222222222222 0.0375 0.05555555555555555
5 0.896875 0.8888888888888888 0.03125 0.06388888888888888
6 0.409375 0.5722222222222222 0.025 0.044444444444444446
7 0.1 0.4638888888888889 0.0203125 0.03611111111111111
14 0.375 0.8111111111111111 0.028125 0.041666666666666664
15 0.1484375 0.7944444444444444 0.0203125 0.041666666666666664
16 0.11875 0.7722222222222223 0.021875 0.041666666666666664
17 0.075 0.6583333333333333 0.0171875 0.03888888888888889
18 0.55 0.9138888888888889 0.021875 0.03888888888888889
19 0.8546875 0.6583333333333333 0.0203125 0.03888888888888889
20 0.2265625 0.8527777777777777 0.021875 0.03888888888888889
21 0.78125 0.6805555555555556 0.021875 0.041666666666666664
8 0.475 0.4777777777777778 0.0265625 0.044444444444444446
9 0.55 0.8388888888888889 0.025 0.041666666666666664
10 0.29375 0.5583333333333333 0.0234375 0.044444444444444446
11 0.471875 0.9361111111111111 0.0234375 0.03888888888888889
12 0.3515625 0.8888888888888888 0.021875 0.044444444444444446
13 0.625 0.8166666666666667 0.0234375 0.04722222222222222