0 0.046875 0.14166666666666666 0.03125 0.06388888888888888
1 0.4765625 0.03888888888888889 0.0390625 0.06944444444444445
2 0.903125 0.125 0.0296875 0.06666666666666667
3 0.059375 0.8944444444444445 0.0328125 0.06388888888888888
4 0.4796875 0.9722222222222222 0.0359375 0.05555555555555555
5 0.89375 0.8861111111111111 0.034375 0.06666666666666667
6 0.4078125 0.5694444444444444 0.025 0.04722222222222222
7 0.384375 0.44722222222222224 0.028125 0.044444444444444446
14 0.3765625 0.8138888888888889 0.025 0.044444444444444446
15 0.1484375 0.7944444444444444 0.0203125 0.041666666666666664
16 0.115625 0.7694444444444445 0.021875 0.041666666666666664
17 0.075 0.6583333333333333 0.01875 0.03888888888888889
18 0.3203125 0.625 0.025 0.05
19 0.853125 0.6611111111111111 0.0234375 0.041666666666666664
20 0.228125 0.8527777777777777 0.0234375 0.03888888888888889
21 0.3859375 0.7361111111111112 0.0234375 0.04722222222222222
8 0.1 0.4388888888888889 0.0234375 0.044444444444444446
9 0.55 0.8333333333333334 0.025 0.04722222222222222
10 0.29375 0.5555555555555556 0.025 0.04722222222222222
11 0.3625 0.5277777777777778 0.025 0.04722222222222222
12 0.7046875 0.6111111111111112 0.0265625 0.04722222222222222
13 0.1 0.55 0.0234375 0.041666666666666664