0 0.046875 0.1388888888888889 0.0296875 0.058333333333333334
1 0.4765625 0.03888888888888889 0.0375 0.06666666666666667
2 0.9 0.12777777777777777 0.034375 0.06388888888888888
3 0.0609375 0.8944444444444445 0.0296875 0.05555555555555555
4 0.4796875 0.9722222222222222 0.0359375 0.05555555555555555
5 0.8953125 0.8861111111111111 0.0328125 0.05555555555555555
6 0.4359375 0.8472222222222222 0.0265625 0.041666666666666664
7 0.8734375 0.45555555555555555 0.0171875 0.03888888888888889
14 0.434375 0.5166666666666667 0.0265625 0.04722222222222222
15 0.16875 0.8 0.0203125 0.03611111111111111
16 0.34375 0.5611111111111111 0.025 0.044444444444444446
17 0.075 0.6555555555555556 0.021875 0.03888888888888889
19 0.64375 0.49166666666666664 0.0234375 0.04722222222222222
20 0.325 0.9055555555555556 0.021875 0.03611111111111111
21 0.865625 0.3138888888888889 0.0203125 0.03888888888888889
8 0.7828125 0.33055555555555555 0.021875 0.044444444444444446
9 0.55 0.8388888888888889 0.0234375 0.041666666666666664
10 0.6203125 0.6194444444444445 0.025 0.04722222222222222
12 0.125 0.7888888888888889 0.021875 0.03888888888888889
13 0.8171875 0.5972222222222222 0.01875 0.03888888888888889