0 0.0484375 0.1388888888888889 0.0296875 0.06111111111111111
1 0.475 0.03611111111111111 0.0421875 0.06666666666666667
2 0.9 0.125 0.0328125 0.06388888888888888
3 0.0609375 0.8972222222222223 0.0328125 0.058333333333333334
4 0.478125 0.9722222222222222 0.0359375 0.05277777777777778
5 0.8953125 0.8888888888888888 0.034375 0.06388888888888888
6 0.4359375 0.8472222222222222 0.025 0.044444444444444446
7 0.3234375 0.4527777777777778 0.0265625 0.04722222222222222
14 0.434375 0.5194444444444445 0.028125 0.04722222222222222
15 0.3375 0.7888888888888889 0.025 0.041666666666666664
16 0.2390625 0.5111111111111111 0.021875 0.044444444444444446
17 0.1953125 0.8861111111111111 0.021875 0.03611111111111111
19 0.3875 0.3055555555555556 0.0234375 0.041666666666666664
20 0.325 0.9055555555555556 0.0234375 0.044444444444444446
8 0.1265625 0.21666666666666667 0.0203125 0.03611111111111111
9 0.55 0.8388888888888889 0.025 0.044444444444444446
10 0.115625 0.8166666666666667 0.021875 0.03888888888888889
12 0.1453125 0.8111111111111111 0.0234375 0.041666666666666664
13 0.59375 0.14444444444444443 0.025 0.044444444444444446