1 0.4765625 0.03333333333333333 0.040625 0.06666666666666667
2 0.9 0.12222222222222222 0.0359375 0.06111111111111111
3 0.0578125 0.8944444444444445 0.0328125 0.06944444444444445
4 0.478125 0.9722222222222222 0.040625 0.05277777777777778
5 0.89375 0.8861111111111111 0.0328125 0.06388888888888888
16 0.3234375 0.43333333333333335 0.0234375 0.041666666666666664
20 0.334375 0.375 0.0234375 0.041666666666666664
9 0.503125 0.4222222222222222 0.0265625 0.05
0 0.05 0.1388888888888889 0.03125 0.06111111111111111
12 0.3375 0.525 0.025 0.044444444444444446
14 0.346875 0.475 0.025 0.041666666666666664
6 0.7 0.8222222222222222 0.025 0.04722222222222222
8 0.271875 0.12222222222222222 0.025 0.04722222222222222
18 0.20625 0.5388888888888889 0.0234375 0.044444444444444446
13 0.1796875 0.5083333333333333 0.025 0.044444444444444446
7 0.215625 0.4777777777777778 0.0234375 0.044444444444444446
15 0.315625 0.6361111111111111 0.028125 0.044444444444444446
21 0.221875 0.5777777777777777 0.0234375 0.044444444444444446
17 0.234375 0.5305555555555556 0.0234375 0.044444444444444446
19 0.375 0.6277777777777778 0.025 0.044444444444444446
10 0.334375 0.7638888888888888 0.025 0.044444444444444446
11 0.1890625 0.45 0.0234375 0.041666666666666664