0 0.0578125 0.12777777777777777 0.03125 0.06111111111111111
1 0.4859375 0.030555555555555555 0.0359375 0.058333333333333334
2 0.9109375 0.13055555555555556 0.028125 0.058333333333333334
3 0.0640625 0.8805555555555555 0.0265625 0.05555555555555555
4 0.4859375 0.9722222222222222 0.0359375 0.05555555555555555
5 0.9 0.8888888888888888 0.0265625 0.06111111111111111
6 0.615625 0.19722222222222222 0.025 0.04722222222222222
14 0.2875 0.8555555555555555 0.025 0.044444444444444446
17 0.5484375 0.19166666666666668 0.028125 0.044444444444444446
20 0.4703125 0.33055555555555555 0.0234375 0.041666666666666664
8 0.715625 0.7944444444444444 0.0234375 0.044444444444444446
10 0.3546875 0.4027777777777778 0.0265625 0.05