0 0.0484375 0.1388888888888889 0.03125 0.06666666666666667
1 0.47578125 0.03333333333333333 0.0359375 0.06666666666666667
2 0.9015625 0.12777777777777777 0.0328125 0.06388888888888888
3 0.059375 0.8916666666666667 0.0328125 0.058333333333333334
4 0.4796875 0.9694444444444444 0.0328125 0.058333333333333334
5 0.89375 0.8888888888888888 0.0328125 0.06111111111111111
6 0.859375 0.6555555555555556 0.01875 0.041666666666666664
7 0.359375 0.46944444444444444 0.0234375 0.044444444444444446
14 0.434375 0.5194444444444445 0.0265625 0.04722222222222222
15 0.346875 0.7777777777777778 0.021875 0.044444444444444446
16 0.171875 0.7277777777777777 0.025 0.044444444444444446
17 0.1484375 0.8611111111111112 0.0203125 0.041666666666666664
19 0.2125 0.6277777777777778 0.025 0.041666666666666664
20 0.3265625 0.9055555555555556 0.0234375 0.044444444444444446
8 0.2875 0.8388888888888889 0.025 0.044444444444444446
9 0.55 0.8388888888888889 0.025 0.044444444444444446
10 0.071875 0.7888888888888889 0.021875 0.03888888888888889
12 0.403125 0.3111111111111111 0.0234375 0.05