0 0.0515625 0.1388888888888889 0.0328125 0.06388888888888888
1 0.475 0.03333333333333333 0.034375 0.06388888888888888
2 0.9 0.12777777777777777 0.03125 0.06388888888888888
3 0.0609375 0.8916666666666667 0.03125 0.06944444444444445
4 0.4796875 0.975 0.0390625 0.04722222222222222
5 0.89375 0.8916666666666667 0.0328125 0.06111111111111111
7 0.1265625 0.32222222222222224 0.0234375 0.041666666666666664
6 0.7625 0.3388888888888889 0.0234375 0.04722222222222222
11 0.2265625 0.7777777777777778 0.0265625 0.04722222222222222
16 0.784375 0.26944444444444443 0.025 0.041666666666666664
10 0.1375 0.2861111111111111 0.0203125 0.041666666666666664
8 0.3953125 0.9222222222222223 0.028125 0.041666666666666664
9 0.4734375 0.8194444444444444 0.028125 0.044444444444444446
12 0.740625 0.11388888888888889 0.0234375 0.044444444444444446
20 0.7703125 0.6527777777777778 0.021875 0.041666666666666664
13 0.896875 0.55 0.0203125 0.03333333333333333
17 0.6125 0.19444444444444445 0.025 0.041666666666666664