0 0.05 0.1388888888888889 0.040625 0.075
1 0.475 0.03611111111111111 0.0359375 0.07222222222222222
2 0.9 0.12222222222222222 0.040625 0.075
3 0.059375 0.9 0.040625 0.08333333333333333
4 0.478125 0.9722222222222222 0.0390625 0.05277777777777778
20 0.1578125 0.55 0.025 0.044444444444444446
6 0.2421875 0.5083333333333333 0.0265625 0.04722222222222222
10 0.1375 0.8222222222222222 0.0203125 0.041666666666666664
8 0.4828125 0.6944444444444444 0.0265625 0.05
9 0.55 0.8388888888888889 0.0296875 0.05
14 0.6890625 0.5972222222222222 0.0265625 0.04722222222222222
7 0.5875 0.325 0.028125 0.05555555555555555
19 0.73125 0.25833333333333336 0.025 0.04722222222222222
17 0.71875 0.8722222222222222 0.025 0.05
15 0.8796875 0.7972222222222223 0.025 0.041666666666666664