0 0.046875 0.1388888888888889 0.03125 0.058333333333333334
1 0.475 0.03611111111111111 0.0359375 0.06666666666666667
2 0.9015625 0.125 0.034375 0.05555555555555555
3 0.059375 0.8944444444444445 0.0328125 0.06111111111111111
4 0.478125 0.9722222222222222 0.040625 0.05277777777777778
5 0.89375 0.8888888888888888 0.0296875 0.06666666666666667
6 0.1765625 0.1527777777777778 0.0234375 0.041666666666666664
14 0.6390625 0.2388888888888889 0.0234375 0.041666666666666664
15 0.259375 0.9166666666666666 0.0234375 0.03888888888888889
16 0.5515625 0.7055555555555556 0.0234375 0.044444444444444446
17 0.059375 0.16944444444444445 0.0203125 0.030555555555555555
18 0.6515625 0.5861111111111111 0.021875 0.041666666666666664
19 0.7 0.6305555555555555 0.0234375 0.03888888888888889
20 0.525 0.8944444444444445 0.025 0.041666666666666664
21 0.89375 0.49722222222222223 0.021875 0.041666666666666664
9 0.425 0.21388888888888888 0.025 0.044444444444444446
10 0.6640625 0.16944444444444445 0.021875 0.044444444444444446
11 0.896875 0.6472222222222223 0.0203125 0.03888888888888889
12 0.5375 0.16944444444444445 0.0265625 0.044444444444444446
13 0.23125 0.8194444444444444 0.021875 0.041666666666666664
7 0.834375 0.3611111111111111 0.021875 0.041666666666666664
8 0.6859375 0.5777777777777777 0.021875 0.041666666666666664