0 0.05 0.1388888888888889 0.03125 0.058333333333333334
1 0.475 0.03611111111111111 0.0390625 0.05555555555555555
2 0.9015625 0.11944444444444445 0.034375 0.06388888888888888
3 0.0578125 0.8944444444444445 0.0359375 0.06388888888888888
4 0.4796875 0.9722222222222222 0.0375 0.05555555555555555
5 0.896875 0.8888888888888888 0.0328125 0.06944444444444445
6 0.409375 0.8333333333333334 0.0265625 0.044444444444444446
7 0.409375 0.49722222222222223 0.0265625 0.044444444444444446
14 0.321875 0.8222222222222222 0.021875 0.044444444444444446
15 0.146875 0.7777777777777778 0.0203125 0.03888888888888889
16 0.1234375 0.85 0.0203125 0.03888888888888889
17 0.09375 0.7638888888888888 0.021875 0.041666666666666664
18 0.215625 0.3888888888888889 0.025 0.044444444444444446
19 0.853125 0.6611111111111111 0.0234375 0.044444444444444446
20 0.225 0.8444444444444444 0.0234375 0.044444444444444446
21 0.2375 0.6722222222222223 0.0234375 0.044444444444444446
8 0.1 0.44166666666666665 0.025 0.03888888888888889
9 0.5484375 0.8305555555555556 0.025 0.04722222222222222
10 0.271875 0.8611111111111112 0.0234375 0.044444444444444446
11 0.3375 0.6694444444444444 0.028125 0.044444444444444446
12 0.7046875 0.6138888888888889 0.025 0.044444444444444446
13 0.23125 0.2722222222222222 0.0234375 0.044444444444444446