0 0.0484375 0.14166666666666666 0.0328125 0.058333333333333334
2 0.9 0.13055555555555556 0.03125 0.06111111111111111
3 0.0609375 0.8944444444444445 0.03125 0.06111111111111111
4 0.4796875 0.9722222222222222 0.0375 0.05555555555555555
5 0.89375 0.8861111111111111 0.0328125 0.06111111111111111
14 0.7609375 0.875 0.021875 0.041666666666666664
19 0.3515625 0.8805555555555555 0.025 0.044444444444444446
20 0.775 0.7361111111111112 0.0203125 0.03611111111111111
8 0.76875 0.8111111111111111 0.025 0.044444444444444446
10 0.878125 0.49722222222222223 0.01875 0.03611111111111111
15 0.80625 0.7138888888888889 0.021875 0.041666666666666664
9 0.1078125 0.7611111111111111 0.0234375 0.044444444444444446
1 0.475 0.03888888888888889 0.0375 0.06666666666666667
7 0.85625 0.7777777777777778 0.0234375 0.041666666666666664
6 0.8609375 0.5 0.021875 0.03611111111111111