0 0.046875 0.1388888888888889 0.028125 0.06111111111111111
1 0.475 0.03611111111111111 0.040625 0.06666666666666667
2 0.8984375 0.12777777777777777 0.0328125 0.058333333333333334
3 0.059375 0.8944444444444445 0.03125 0.06388888888888888
4 0.478125 0.975 0.0390625 0.05
5 0.896875 0.8916666666666667 0.03125 0.06111111111111111
6 0.25 0.825 0.0234375 0.044444444444444446
7 0.571875 0.5527777777777778 0.025 0.044444444444444446
14 0.1 0.36666666666666664 0.0234375 0.03888888888888889
15 0.0703125 0.7694444444444445 0.01875 0.03611111111111111
16 0.8625 0.4111111111111111 0.0203125 0.03888888888888889
17 0.51875 0.5111111111111111 0.0234375 0.04722222222222222
18 0.215625 0.3888888888888889 0.0234375 0.041666666666666664
19 0.671875 0.46111111111111114 0.021875 0.044444444444444446
20 0.1953125 0.6527777777777778 0.021875 0.044444444444444446
21 0.153125 0.5027777777777778 0.021875 0.041666666666666664
8 0.0578125 0.6722222222222223 0.0203125 0.03888888888888889
9 0.1875 0.5305555555555556 0.021875 0.041666666666666664
10 0.378125 0.10555555555555556 0.025 0.044444444444444446
11 0.31875 0.6888888888888889 0.0265625 0.041666666666666664
12 0.153125 0.41388888888888886 0.0234375 0.044444444444444446
13 0.2390625 0.7305555555555555 0.021875 0.044444444444444446