0 0.0578125 0.125 0.028125 0.058333333333333334
1 0.4859375 0.03333333333333333 0.0375 0.058333333333333334
2 0.9109375 0.12777777777777777 0.0328125 0.06111111111111111
3 0.065625 0.8805555555555555 0.028125 0.06111111111111111
4 0.484375 0.9722222222222222 0.0359375 0.05555555555555555
5 0.8984375 0.8916666666666667 0.03125 0.06388888888888888
6 0.35625 0.17222222222222222 0.025 0.044444444444444446
14 0.0984375 0.38333333333333336 0.0234375 0.041666666666666664
8 0.6390625 0.25277777777777777 0.0265625 0.044444444444444446
17 0.640625 0.20833333333333334 0.025 0.044444444444444446
20 0.46875 0.3333333333333333 0.025 0.044444444444444446
10 0.3546875 0.40555555555555556 0.0265625 0.044444444444444446