0 0.05625 0.12222222222222222 0.028125 0.05555555555555555
1 0.484375 0.027777777777777776 0.0375 0.05555555555555555
2 0.909375 0.13055555555555556 0.034375 0.06388888888888888
3 0.065625 0.8833333333333333 0.03125 0.058333333333333334
4 0.484375 0.9722222222222222 0.0328125 0.05555555555555555
5 0.9 0.8916666666666667 0.03125 0.05555555555555555
14 0.2890625 0.8555555555555555 0.0203125 0.044444444444444446
17 0.615625 0.09444444444444444 0.0234375 0.041666666666666664
20 0.4875 0.5333333333333333 0.0234375 0.041666666666666664
8 0.715625 0.7944444444444444 0.021875 0.03888888888888889
10 0.2359375 0.8777777777777778 0.0234375 0.041666666666666664