0 0.05625 0.13055555555555556 0.0328125 0.06111111111111111
1 0.484375 0.03333333333333333 0.034375 0.058333333333333334
2 0.9125 0.12777777777777777 0.0296875 0.05
3 0.0640625 0.8805555555555555 0.028125 0.058333333333333334
4 0.4828125 0.9722222222222222 0.034375 0.05555555555555555
5 0.9 0.8944444444444445 0.03125 0.05555555555555555
6 0.20625 0.4722222222222222 0.025 0.04722222222222222
14 0.1453125 0.24166666666666667 0.021875 0.041666666666666664
17 0.6671875 0.7111111111111111 0.025 0.044444444444444446
20 0.2296875 0.17777777777777778 0.025 0.041666666666666664
8 0.71875 0.41388888888888886 0.0265625 0.044444444444444446