0 0.05 0.1388888888888889 0.040625 0.06944444444444445
1 0.475 0.03611111111111111 0.040625 0.07222222222222222
2 0.9015625 0.11944444444444445 0.0359375 0.07777777777777778
3 0.05625 0.9027777777777778 0.0421875 0.08888888888888889
4 0.4796875 0.9722222222222222 0.040625 0.05555555555555555
5 0.896875 0.8888888888888888 0.034375 0.06944444444444445
20 0.8578125 0.8666666666666667 0.0234375 0.041666666666666664
11 0.846875 0.14722222222222223 0.01875 0.03333333333333333
16 0.8625 0.17222222222222222 0.01875 0.03333333333333333
7 0.784375 0.8583333333333333 0.025 0.044444444444444446
10 0.7296875 0.15555555555555556 0.0234375 0.041666666666666664
9 0.8921875 0.2638888888888889 0.021875 0.03888888888888889
19 0.8421875 0.85 0.0203125 0.041666666666666664
14 0.8359375 0.3861111111111111 0.0234375 0.041666666666666664
17 0.78125 0.8972222222222223 0.0234375 0.041666666666666664
15 0.878125 0.8222222222222222 0.0203125 0.03611111111111111
13 0.2359375 0.24444444444444444 0.021875 0.041666666666666664
8 0.571875 0.6805555555555556 0.021875 0.041666666666666664
12 0.50625 0.6638888888888889 0.025 0.05
6 0.8171875 0.8333333333333334 0.0234375 0.041666666666666664
18 0.490625 0.18333333333333332 0.0234375 0.041666666666666664