0 0.0578125 0.12222222222222222 0.0328125 0.05277777777777778
1 0.4859375 0.03333333333333333 0.034375 0.05555555555555555
2 0.9109375 0.12777777777777777 0.028125 0.06111111111111111
3 0.0640625 0.8777777777777778 0.028125 0.058333333333333334
4 0.4828125 0.9722222222222222 0.034375 0.05555555555555555
5 0.9 0.8916666666666667 0.03125 0.058333333333333334
6 0.0625 0.32222222222222224 0.0203125 0.044444444444444446
14 0.246875 0.8027777777777778 0.0265625 0.041666666666666664
17 0.89375 0.29444444444444445 0.0171875 0.041666666666666664
20 0.2046875 0.6416666666666667 0.025 0.044444444444444446
8 0.715625 0.7972222222222223 0.0203125 0.03611111111111111
10 0.0765625 0.425 0.021875 0.041666666666666664
11 0.0703125 0.1527777777777778 0.01875 0.03333333333333333