0 0.05625 0.12222222222222222 0.025 0.05555555555555555
1 0.4859375 0.03333333333333333 0.0359375 0.06388888888888888
2 0.909375 0.12777777777777777 0.028125 0.05555555555555555
3 0.0640625 0.8777777777777778 0.0328125 0.058333333333333334
4 0.4828125 0.9694444444444444 0.0359375 0.058333333333333334
5 0.8984375 0.8916666666666667 0.0296875 0.06111111111111111
6 0.7671875 0.6083333333333333 0.0234375 0.044444444444444446
14 0.203125 0.19722222222222222 0.025 0.044444444444444446
17 0.89375 0.5305555555555556 0.0203125 0.03888888888888889
20 0.2171875 0.21944444444444444 0.0203125 0.03611111111111111
8 0.71875 0.41388888888888886 0.0265625 0.04722222222222222