0 0.05 0.14166666666666666 0.0328125 0.05
1 0.475 0.030555555555555555 0.040625 0.05555555555555555
2 0.9 0.13055555555555556 0.0328125 0.06388888888888888
3 0.0578125 0.8972222222222223 0.0328125 0.06944444444444445
4 0.478125 0.975 0.034375 0.05
5 0.89375 0.8888888888888888 0.03125 0.06388888888888888
10 0.271875 0.9194444444444444 0.025 0.041666666666666664
6 0.4046875 0.8444444444444444 0.0265625 0.041666666666666664
21 0.565625 0.8583333333333333 0.028125 0.04722222222222222
7 0.74375 0.6527777777777778 0.0234375 0.041666666666666664
14 0.85 0.38333333333333336 0.0265625 0.041666666666666664
18 0.8625 0.25277777777777777 0.0234375 0.041666666666666664
13 0.8078125 0.6861111111111111 0.0265625 0.044444444444444446
12 0.7046875 0.8777777777777778 0.0234375 0.041666666666666664
11 0.734375 0.8805555555555555 0.0265625 0.044444444444444446
3 0.7796875 0.8388888888888889 0.025 0.03333333333333333
9 0.796875 0.8944444444444445 0.0203125 0.041666666666666664
4 0.8421875 0.8388888888888889 0.0203125 0.041666666666666664
2 0.8625 0.8611111111111112 0.01875 0.03611111111111111
8 0.2734375 0.3638888888888889 0.025 0.044444444444444446