0 0.05 0.1388888888888889 0.040625 0.06944444444444445
1 0.475 0.03611111111111111 0.040625 0.07222222222222222
2 0.9015625 0.11944444444444445 0.0359375 0.07777777777777778
3 0.05625 0.9027777777777778 0.0421875 0.08888888888888889
4 0.4796875 0.9722222222222222 0.040625 0.05555555555555555
5 0.896875 0.8888888888888888 0.034375 0.06944444444444445
11 0.7328125 0.8805555555555555 0.0203125 0.03611111111111111
16 0.8359375 0.8388888888888889 0.0203125 0.03611111111111111
13 0.88125 0.7444444444444445 0.021875 0.03611111111111111
7 0.740625 0.65 0.025 0.044444444444444446
10 0.26875 0.9194444444444444 0.0234375 0.03888888888888889
9 0.7984375 0.8833333333333333 0.021875 0.03888888888888889
14 0.8484375 0.38333333333333336 0.0234375 0.041666666666666664
17 0.8578125 0.8305555555555556 0.0203125 0.03611111111111111
8 0.2734375 0.36666666666666664 0.025 0.041666666666666664
6 0.403125 0.8444444444444444 0.0234375 0.041666666666666664
15 0.8640625 0.8638888888888889 0.021875 0.03611111111111111
21 0.5640625 0.8583333333333333 0.025 0.041666666666666664
12 0.7046875 0.8805555555555555 0.0234375 0.044444444444444446
20 0.4484375 0.23055555555555557 0.025 0.044444444444444446
18 0.8609375 0.25277777777777777 0.021875 0.03888888888888889