0 0.05 0.1388888888888889 0.040625 0.075
1 0.475 0.03611111111111111 0.0359375 0.07222222222222222
2 0.9 0.12222222222222222 0.040625 0.075
3 0.059375 0.9 0.040625 0.08333333333333333
4 0.478125 0.9722222222222222 0.0390625 0.05277777777777778
5 0.8953125 0.8888888888888888 0.0390625 0.075
20 0.1359375 0.6777777777777778 0.025 0.04722222222222222
10 0.1875 0.8944444444444445 0.0234375 0.044444444444444446
9 0.55 0.8416666666666667 0.025 0.04722222222222222
7 0.1625 0.7722222222222223 0.0265625 0.04722222222222222
19 0.1859375 0.4027777777777778 0.025 0.04722222222222222
17 0.1 0.26944444444444443 0.025 0.044444444444444446
15 0.1234375 0.3138888888888889 0.025 0.041666666666666664
14 0.1328125 0.4305555555555556 0.021875 0.041666666666666664
8 0.2828125 0.10555555555555556 0.0265625 0.044444444444444446
6 0.3953125 0.28055555555555556 0.0265625 0.04722222222222222