0 0.046875 0.1388888888888889 0.028125 0.05277777777777778
1 0.475 0.03888888888888889 0.0375 0.06388888888888888
2 0.8984375 0.12222222222222222 0.0296875 0.058333333333333334
3 0.059375 0.8916666666666667 0.028125 0.058333333333333334
4 0.478125 0.9722222222222222 0.0359375 0.05277777777777778
5 0.89375 0.8861111111111111 0.0328125 0.06388888888888888
6 0.4359375 0.8444444444444444 0.025 0.044444444444444446
7 0.390625 0.7305555555555555 0.025 0.044444444444444446
14 0.434375 0.5194444444444445 0.025 0.044444444444444446
15 0.1859375 0.24444444444444444 0.0203125 0.03888888888888889
16 0.328125 0.5722222222222222 0.0234375 0.044444444444444446
17 0.075 0.6583333333333333 0.0171875 0.03888888888888889
19 0.64375 0.49444444444444446 0.0203125 0.044444444444444446
20 0.325 0.9055555555555556 0.0234375 0.041666666666666664
21 0.78125 0.6833333333333333 0.021875 0.041666666666666664
8 0.7828125 0.3277777777777778 0.0203125 0.041666666666666664
9 0.55 0.8388888888888889 0.0234375 0.044444444444444446
10 0.3375 0.4166666666666667 0.0265625 0.041666666666666664
12 0.125 0.7888888888888889 0.0234375 0.03888888888888889
13 0.659375 0.8305555555555556 0.0234375 0.041666666666666664