0 0.0484375 0.1388888888888889 0.03125 0.058333333333333334
1 0.475 0.03888888888888889 0.0375 0.06666666666666667
2 0.9 0.125 0.03125 0.06666666666666667
3 0.059375 0.8916666666666667 0.03125 0.06388888888888888
4 0.4796875 0.9694444444444444 0.040625 0.058333333333333334
5 0.896875 0.8888888888888888 0.0390625 0.06111111111111111
6 0.4375 0.8444444444444444 0.0265625 0.044444444444444446
13 0.859375 0.45 0.0203125 0.03888888888888889
7 0.890625 0.43333333333333335 0.01875 0.03333333333333333
14 0.434375 0.5166666666666667 0.0265625 0.04722222222222222
15 0.1671875 0.7916666666666666 0.0203125 0.03611111111111111
16 0.34375 0.5611111111111111 0.025 0.04722222222222222
17 0.075 0.6583333333333333 0.0203125 0.03888888888888889
19 0.64375 0.49166666666666664 0.021875 0.044444444444444446
20 0.325 0.9055555555555556 0.021875 0.03888888888888889
8 0.78125 0.33055555555555555 0.0234375 0.041666666666666664
9 0.55 0.8388888888888889 0.0234375 0.041666666666666664
10 0.5875 0.14722222222222223 0.025 0.03888888888888889
12 0.125 0.7888888888888889 0.0203125 0.03888888888888889