0 0.05 0.1388888888888889 0.040625 0.06944444444444445
1 0.475 0.03611111111111111 0.040625 0.07222222222222222
2 0.9015625 0.11944444444444445 0.0359375 0.07777777777777778
3 0.0609375 0.8944444444444445 0.03125 0.06666666666666667
4 0.4796875 0.9722222222222222 0.040625 0.05555555555555555
5 0.896875 0.8888888888888888 0.034375 0.06944444444444445
20 0.3015625 0.32222222222222224 0.0234375 0.041666666666666664
6 0.8328125 0.8666666666666667 0.021875 0.041666666666666664
10 0.453125 0.6777777777777778 0.0234375 0.041666666666666664
9 0.840625 0.15555555555555556 0.0203125 0.044444444444444446
19 0.821875 0.2638888888888889 0.0203125 0.044444444444444446
8 0.8515625 0.7444444444444445 0.025 0.041666666666666664
14 0.709375 0.40555555555555556 0.0234375 0.041666666666666664