0 0.046875 0.1361111111111111 0.0296875 0.06388888888888888
1 0.475 0.03611111111111111 0.0390625 0.06944444444444445
2 0.9 0.12222222222222222 0.0296875 0.058333333333333334
3 0.0578125 0.8944444444444445 0.034375 0.06111111111111111
4 0.478125 0.9708333333333333 0.0375 0.058333333333333334
5 0.8953125 0.8861111111111111 0.034375 0.06111111111111111
6 0.3921875 0.5722222222222222 0.025 0.044444444444444446
11 0.365625 0.5527777777777778 0.025 0.044444444444444446
7 0.3734375 0.5055555555555555 0.025 0.044444444444444446
14 0.375 0.8111111111111111 0.0265625 0.04722222222222222
15 0.1484375 0.7944444444444444 0.0234375 0.044444444444444446
16 0.1171875 0.7694444444444445 0.0171875 0.044444444444444446
17 0.075 0.6722222222222223 0.0203125 0.03611111111111111
18 0.321875 0.6555555555555556 0.025 0.04722222222222222
19 0.8546875 0.6583333333333333 0.021875 0.03888888888888889
20 0.228125 0.8555555555555555 0.0234375 0.03888888888888889
21 0.2734375 0.7416666666666667 0.025 0.044444444444444446
8 0.1 0.4388888888888889 0.0203125 0.03611111111111111
9 0.55 0.8305555555555556 0.025 0.041666666666666664
10 0.29375 0.5583333333333333 0.0234375 0.044444444444444446
12 0.70625 0.6111111111111112 0.025 0.04722222222222222
13 0.0890625 0.6111111111111112 0.021875 0.03888888888888889