0 0.0515625 0.1388888888888889 0.0296875 0.06111111111111111
1 0.4765625 0.03333333333333333 0.0328125 0.06388888888888888
2 0.9 0.12777777777777777 0.03125 0.06666666666666667
3 0.059375 0.8972222222222223 0.0296875 0.06944444444444445
4 0.4796875 0.975 0.0328125 0.05
5 0.8953125 0.8888888888888888 0.034375 0.06111111111111111
10 0.071875 0.7888888888888889 0.0203125 0.03333333333333333
17 0.1328125 0.6833333333333333 0.0203125 0.041666666666666664
15 0.346875 0.7833333333333333 0.0265625 0.041666666666666664
8 0.35 0.46111111111111114 0.0234375 0.04722222222222222
7 0.3859375 0.6361111111111111 0.025 0.041666666666666664
12 0.409375 0.3333333333333333 0.025 0.05
19 0.53125 0.20555555555555555 0.0234375 0.041666666666666664
14 0.7375 0.5666666666666667 0.0203125 0.04722222222222222
6 0.859375 0.6527777777777778 0.01875 0.03888888888888889
20 0.3234375 0.9055555555555556 0.021875 0.03611111111111111
9 0.5515625 0.8388888888888889 0.025 0.041666666666666664