0 0.05 0.14166666666666666 0.0265625 0.06111111111111111
1 0.475 0.03333333333333333 0.0390625 0.05555555555555555
7 0.859375 0.14444444444444443 0.021875 0.04722222222222222
2 0.8984375 0.125 0.028125 0.06388888888888888
3 0.059375 0.8972222222222223 0.034375 0.07222222222222222
4 0.4796875 0.975 0.0375 0.04722222222222222
5 0.8953125 0.8888888888888888 0.0359375 0.06388888888888888
13 0.8203125 0.5222222222222223 0.021875 0.04722222222222222
14 0.89375 0.3277777777777778 0.021875 0.044444444444444446
12 0.596875 0.8777777777777778 0.028125 0.041666666666666664
19 0.8828125 0.6583333333333333 0.01875 0.041666666666666664
8 0.3515625 0.7805555555555556 0.028125 0.04722222222222222
17 0.68125 0.40555555555555556 0.025 0.05277777777777778
20 0.659375 0.28888888888888886 0.0234375 0.044444444444444446
11 0.83125 0.18055555555555555 0.025 0.03611111111111111
10 0.4734375 0.21388888888888888 0.025 0.04722222222222222
9 0.7671875 0.4222222222222222 0.028125 0.04722222222222222
6 0.7578125 0.1388888888888889 0.025 0.044444444444444446
18 0.775 0.8527777777777777 0.0234375 0.041666666666666664
21 0.5625 0.625 0.0265625 0.04722222222222222
16 0.509375 0.8972222222222223 0.0265625 0.04722222222222222
15 0.8703125 0.49444444444444446 0.021875 0.04722222222222222