0 0.046875 0.1388888888888889 0.0296875 0.05555555555555555
2 0.8984375 0.12222222222222222 0.0359375 0.06666666666666667
3 0.0578125 0.8944444444444445 0.0328125 0.06388888888888888
4 0.478125 0.9694444444444444 0.0375 0.058333333333333334
5 0.8953125 0.8888888888888888 0.028125 0.06111111111111111
6 0.859375 0.6555555555555556 0.0203125 0.03888888888888889
7 0.359375 0.46944444444444444 0.025 0.044444444444444446
14 0.434375 0.5166666666666667 0.025 0.04722222222222222
15 0.3453125 0.7805555555555556 0.025 0.041666666666666664
16 0.2140625 0.6666666666666666 0.0234375 0.041666666666666664
17 0.19375 0.8861111111111111 0.0234375 0.03888888888888889
19 0.378125 0.31666666666666665 0.025 0.041666666666666664
20 0.3234375 0.9055555555555556 0.0203125 0.041666666666666664
8 0.3953125 0.5944444444444444 0.0265625 0.044444444444444446
9 0.55 0.8388888888888889 0.0234375 0.04722222222222222
10 0.071875 0.7888888888888889 0.0203125 0.044444444444444446
12 0.396875 0.20833333333333334 0.0234375 0.044444444444444446
13 0.3421875 0.5833333333333334 0.025 0.04722222222222222