0 0.05 0.1361111111111111 0.03125 0.05555555555555555
1 0.4765625 0.03611111111111111 0.0359375 0.06666666666666667
2 0.9 0.125 0.0296875 0.06111111111111111
3 0.0578125 0.8944444444444445 0.028125 0.06666666666666667
4 0.478125 0.9722222222222222 0.0375 0.05555555555555555
5 0.8953125 0.8888888888888888 0.0328125 0.06388888888888888
6 0.859375 0.6527777777777778 0.01875 0.03611111111111111
7 0.60625 0.6916666666666667 0.025 0.041666666666666664
14 0.590625 0.9111111111111111 0.0234375 0.041666666666666664
15 0.3453125 0.7777777777777778 0.025 0.041666666666666664
17 0.13125 0.6833333333333333 0.0203125 0.03888888888888889
19 0.615625 0.19722222222222222 0.0203125 0.03611111111111111
20 0.325 0.9083333333333333 0.0203125 0.03888888888888889
8 0.35 0.4638888888888889 0.0265625 0.04722222222222222
9 0.55 0.8388888888888889 0.021875 0.03888888888888889
10 0.0703125 0.7916666666666666 0.0234375 0.03888888888888889