0 0.0578125 0.12222222222222222 0.0328125 0.05277777777777778
1 0.484375 0.030555555555555555 0.0375 0.058333333333333334
2 0.909375 0.12777777777777777 0.0328125 0.05555555555555555
3 0.0625 0.8805555555555555 0.0265625 0.06666666666666667
4 0.4828125 0.9722222222222222 0.0328125 0.04722222222222222
5 0.8984375 0.8916666666666667 0.03125 0.05555555555555555
6 0.596875 0.7277777777777777 0.0234375 0.044444444444444446
14 0.2890625 0.8555555555555555 0.0265625 0.044444444444444446
17 0.59375 0.09166666666666666 0.0234375 0.041666666666666664
20 0.46875 0.33055555555555555 0.0265625 0.04722222222222222
8 0.715625 0.7972222222222223 0.0234375 0.041666666666666664
10 0.19375 0.5666666666666667 0.025 0.041666666666666664