1 0.4765625 0.03333333333333333 0.040625 0.06666666666666667
2 0.9 0.12222222222222222 0.0359375 0.06111111111111111
3 0.0578125 0.8944444444444445 0.0328125 0.06944444444444445
4 0.478125 0.9722222222222222 0.040625 0.05277777777777778
5 0.89375 0.8861111111111111 0.0328125 0.06388888888888888
16 0.896875 0.25277777777777777 0.021875 0.03888888888888889
20 0.334375 0.375 0.0234375 0.041666666666666664
9 0.7875 0.4777777777777778 0.0234375 0.04722222222222222
0 0.05 0.1388888888888889 0.03125 0.06111111111111111
12 0.58125 0.6444444444444445 0.028125 0.05
14 0.559375 0.25 0.028125 0.04722222222222222
6 0.83125 0.7416666666666667 0.021875 0.041666666666666664
8 0.2875 0.10555555555555556 0.025 0.04722222222222222
18 0.45 0.48333333333333334 0.0265625 0.04722222222222222
13 0.23125 0.5027777777777778 0.025 0.044444444444444446
7 0.428125 0.3861111111111111 0.0234375 0.044444444444444446
15 0.8671875 0.7916666666666666 0.021875 0.041666666666666664
21 0.4890625 0.5666666666666667 0.0265625 0.05
17 0.615625 0.46944444444444444 0.0265625 0.04722222222222222
19 0.86875 0.6194444444444445 0.0234375 0.04722222222222222
10 0.7625 0.46944444444444444 0.025 0.044444444444444446
11 0.265625 0.3972222222222222 0.025 0.04722222222222222