0 0.05 0.1388888888888889 0.0328125 0.058333333333333334
1 0.4765625 0.03611111111111111 0.0375 0.06944444444444445
2 0.9015625 0.12777777777777777 0.0359375 0.06388888888888888
3 0.059375 0.8944444444444445 0.0296875 0.058333333333333334
4 0.478125 0.9722222222222222 0.0359375 0.05277777777777778
5 0.8953125 0.8916666666666667 0.0296875 0.06111111111111111
6 0.6375 0.8833333333333333 0.0234375 0.041666666666666664
7 0.359375 0.46944444444444444 0.0234375 0.044444444444444446
14 0.434375 0.5194444444444445 0.025 0.044444444444444446
15 0.3453125 0.7805555555555556 0.021875 0.041666666666666664
16 0.2140625 0.6583333333333333 0.021875 0.041666666666666664
17 0.19375 0.8861111111111111 0.0203125 0.03888888888888889
19 0.378125 0.31666666666666665 0.0234375 0.041666666666666664
20 0.325 0.9055555555555556 0.0234375 0.03888888888888889
8 0.7546875 0.19722222222222222 0.021875 0.041666666666666664
9 0.55 0.8388888888888889 0.025 0.041666666666666664
10 0.0703125 0.7888888888888889 0.0203125 0.03611111111111111
11 0.409375 0.7194444444444444 0.025 0.041666666666666664
12 0.5953125 0.14444444444444443 0.025 0.05