0 0.046875 0.1361111111111111 0.0328125 0.058333333333333334
1 0.4765625 0.03611111111111111 0.0359375 0.06666666666666667
3 0.059375 0.8944444444444445 0.0296875 0.06666666666666667
4 0.478125 0.9722222222222222 0.0390625 0.05555555555555555
5 0.8953125 0.8888888888888888 0.034375 0.05555555555555555
6 0.4375 0.8444444444444444 0.025 0.03888888888888889
7 0.815625 0.4861111111111111 0.01875 0.041666666666666664
14 0.4359375 0.5194444444444445 0.0265625 0.044444444444444446
15 0.165625 0.7888888888888889 0.021875 0.03888888888888889
16 0.425 0.08888888888888889 0.0265625 0.044444444444444446
17 0.640625 0.4583333333333333 0.025 0.044444444444444446
19 0.65 0.5277777777777778 0.0265625 0.044444444444444446
20 0.325 0.9055555555555556 0.0234375 0.044444444444444446
8 0.103125 0.3111111111111111 0.021875 0.03888888888888889
9 0.55 0.8361111111111111 0.025 0.044444444444444446
10 0.115625 0.8166666666666667 0.021875 0.041666666666666664
12 0.125 0.725 0.021875 0.03888888888888889
13 0.6359375 0.1388888888888889 0.0265625 0.041666666666666664