0 0.059375 0.12777777777777777 0.028125 0.05277777777777778
1 0.4875 0.03333333333333333 0.0359375 0.058333333333333334
2 0.909375 0.125 0.0328125 0.06944444444444445
3 0.0640625 0.8777777777777778 0.034375 0.06666666666666667
4 0.484375 0.9722222222222222 0.0390625 0.05555555555555555
5 0.903125 0.8888888888888888 0.0328125 0.058333333333333334
6 0.5046875 0.10833333333333334 0.0265625 0.04722222222222222
14 0.1328125 0.28055555555555556 0.025 0.041666666666666664
8 0.61875 0.19722222222222222 0.025 0.044444444444444446
17 0.6453125 0.14444444444444443 0.0234375 0.041666666666666664
20 0.46875 0.33055555555555555 0.0234375 0.044444444444444446
10 0.353125 0.4027777777777778 0.025 0.044444444444444446