0 0.0484375 0.1361111111111111 0.0296875 0.06111111111111111
1 0.4765625 0.03611111111111111 0.0375 0.07222222222222222
2 0.9015625 0.125 0.034375 0.06111111111111111
3 0.0609375 0.8944444444444445 0.034375 0.06111111111111111
4 0.4796875 0.9722222222222222 0.0375 0.05555555555555555
5 0.8953125 0.8888888888888888 0.0328125 0.058333333333333334
6 0.8984375 0.6833333333333333 0.01875 0.03888888888888889
7 0.359375 0.46944444444444444 0.025 0.04722222222222222
14 0.434375 0.5194444444444445 0.0265625 0.044444444444444446
15 0.3453125 0.7777777777777778 0.0234375 0.044444444444444446
16 0.215625 0.6666666666666666 0.025 0.044444444444444446
17 0.1953125 0.8861111111111111 0.021875 0.03888888888888889
19 0.3765625 0.31666666666666665 0.025 0.041666666666666664
20 0.3265625 0.9055555555555556 0.025 0.044444444444444446
8 0.6390625 0.4638888888888889 0.025 0.04722222222222222
9 0.55 0.8388888888888889 0.0234375 0.041666666666666664
10 0.071875 0.7888888888888889 0.0171875 0.03611111111111111
12 0.403125 0.09444444444444444 0.0234375 0.03888888888888889
13 0.5953125 0.14722222222222223 0.0234375 0.044444444444444446