0 0.0484375 0.14166666666666666 0.0328125 0.058333333333333334
2 0.9 0.13055555555555556 0.03125 0.06111111111111111
3 0.0609375 0.8944444444444445 0.03125 0.06111111111111111
4 0.478125 0.9722222222222222 0.0375 0.05555555555555555
5 0.89375 0.8861111111111111 0.0328125 0.06111111111111111
14 0.2484375 0.23055555555555557 0.021875 0.041666666666666664
19 0.3515625 0.8805555555555555 0.025 0.044444444444444446
20 0.2859375 0.14722222222222223 0.025 0.041666666666666664
8 0.85 0.44722222222222224 0.025 0.044444444444444446
10 0.5890625 0.8972222222222223 0.0203125 0.03888888888888889
15 0.525 0.12222222222222222 0.021875 0.041666666666666664
9 0.0703125 0.5388888888888889 0.0234375 0.044444444444444446
1 0.475 0.03888888888888889 0.0375 0.06666666666666667
7 0.821875 0.8 0.0234375 0.041666666666666664
6 0.884375 0.25555555555555554 0.021875 0.03611111111111111