0 0.05 0.14166666666666666 0.0328125 0.06388888888888888
1 0.47421875 0.03333333333333333 0.0359375 0.06666666666666667
2 0.9 0.12222222222222222 0.0375 0.06666666666666667
3 0.059375 0.8944444444444445 0.034375 0.06111111111111111
4 0.48125 0.9722222222222222 0.0359375 0.05277777777777778
5 0.8953125 0.8888888888888888 0.03125 0.06388888888888888
6 0.3875 0.3 0.025 0.044444444444444446
7 0.1390625 0.75 0.021875 0.041666666666666664
14 0.3984375 0.7166666666666667 0.0265625 0.044444444444444446
15 0.209375 0.6777777777777778 0.0234375 0.044444444444444446
16 0.071875 0.5388888888888889 0.021875 0.041666666666666664
17 0.075 0.6555555555555556 0.0203125 0.03888888888888889
19 0.8546875 0.6611111111111111 0.0234375 0.041666666666666664
20 0.3234375 0.9055555555555556 0.0234375 0.041666666666666664
21 0.78125 0.6833333333333333 0.025 0.044444444444444446
8 0.5109375 0.5333333333333333 0.0265625 0.05
9 0.5515625 0.8388888888888889 0.025 0.041666666666666664
10 0.29375 0.5555555555555556 0.0234375 0.044444444444444446
12 0.128125 0.8166666666666667 0.021875 0.041666666666666664
13 0.659375 0.8305555555555556 0.025 0.044444444444444446