0 0.0578125 0.12222222222222222 0.028125 0.058333333333333334
8 0.478125 0.07777777777777778 0.025 0.03888888888888889
1 0.4859375 0.03333333333333333 0.0359375 0.058333333333333334
2 0.9078125 0.125 0.0265625 0.058333333333333334
3 0.065625 0.8805555555555555 0.0265625 0.058333333333333334
4 0.484375 0.975 0.0328125 0.05
5 0.9 0.8916666666666667 0.028125 0.06111111111111111
6 0.65 0.09166666666666666 0.025 0.044444444444444446
14 0.1484375 0.24166666666666667 0.025 0.041666666666666664
17 0.7296875 0.8027777777777778 0.0234375 0.044444444444444446
20 0.359375 0.30833333333333335 0.025 0.044444444444444446
10 0.353125 0.4027777777777778 0.0265625 0.04722222222222222