0 0.05625 0.12222222222222222 0.0296875 0.058333333333333334
1 0.4859375 0.03333333333333333 0.0390625 0.058333333333333334
2 0.909375 0.12777777777777777 0.028125 0.05555555555555555
3 0.0625 0.8833333333333333 0.034375 0.058333333333333334
4 0.4828125 0.975 0.0359375 0.05
5 0.896875 0.8916666666666667 0.03125 0.06111111111111111
6 0.9078125 0.2833333333333333 0.0234375 0.03888888888888889
14 0.203125 0.19722222222222222 0.0234375 0.041666666666666664
17 0.896875 0.5722222222222222 0.01875 0.044444444444444446
20 0.2171875 0.21944444444444444 0.0234375 0.044444444444444446
8 0.240625 0.11666666666666667 0.0234375 0.04722222222222222