0 0.05 0.14166666666666666 0.0328125 0.06666666666666667
1 0.475 0.03611111111111111 0.0375 0.07222222222222222
2 0.9 0.125 0.03125 0.058333333333333334
3 0.059375 0.8916666666666667 0.0296875 0.06666666666666667
4 0.4796875 0.9722222222222222 0.0375 0.05277777777777778
5 0.89375 0.8888888888888888 0.03125 0.06111111111111111
6 0.4359375 0.8444444444444444 0.025 0.03888888888888889
13 0.8625 0.4361111111111111 0.0203125 0.03611111111111111
7 0.8921875 0.43333333333333335 0.01875 0.03611111111111111
14 0.434375 0.5194444444444445 0.025 0.04722222222222222
15 0.165625 0.7888888888888889 0.0203125 0.03611111111111111
16 0.253125 0.34444444444444444 0.025 0.041666666666666664
17 0.4109375 0.11388888888888889 0.0234375 0.041666666666666664
19 0.6421875 0.49444444444444446 0.0234375 0.044444444444444446
20 0.325 0.9055555555555556 0.0234375 0.041666666666666664
8 0.78125 0.3277777777777778 0.021875 0.044444444444444446
9 0.55 0.8388888888888889 0.0203125 0.041666666666666664
10 0.1515625 0.8833333333333333 0.0203125 0.041666666666666664
12 0.065625 0.48333333333333334 0.0203125 0.041666666666666664