0 0.059375 0.15555555555555556 0.01875 0.027777777777777776
1 0.4734375 0.03333333333333333 0.03125 0.06388888888888888
2 0.9 0.12777777777777777 0.028125 0.06111111111111111
3 0.059375 0.8972222222222223 0.03125 0.06111111111111111
4 0.478125 0.975 0.0421875 0.05
5 0.8953125 0.8888888888888888 0.034375 0.06388888888888888
10 0.071875 0.7888888888888889 0.01875 0.03333333333333333
4 0.1328125 0.6833333333333333 0.01875 0.03888888888888889
19 0.11875 0.5722222222222222 0.0203125 0.03888888888888889
15 0.3453125 0.7833333333333333 0.021875 0.03888888888888889
7 0.384375 0.6222222222222222 0.025 0.041666666666666664
8 0.35 0.46111111111111114 0.0234375 0.044444444444444446
14 0.4359375 0.5194444444444445 0.0265625 0.041666666666666664
12 0.4109375 0.3333333333333333 0.025 0.04722222222222222
6 0.8609375 0.6527777777777778 0.0203125 0.044444444444444446
9 0.55 0.8416666666666667 0.0234375 0.041666666666666664
20 0.325 0.9083333333333333 0.0203125 0.041666666666666664