0 0.046875 0.1388888888888889 0.03125 0.058333333333333334
1 0.47421875 0.03333333333333333 0.0359375 0.06666666666666667
2 0.9015625 0.125 0.0296875 0.06666666666666667
3 0.0578125 0.8888888888888888 0.028125 0.06111111111111111
4 0.4796875 0.9708333333333333 0.0375 0.058333333333333334
5 0.89375 0.8833333333333333 0.034375 0.06388888888888888
6 0.4359375 0.8472222222222222 0.025 0.04722222222222222
12 0.128125 0.8166666666666667 0.0265625 0.044444444444444446
7 0.140625 0.7527777777777778 0.0203125 0.041666666666666664
14 0.63125 0.5388888888888889 0.0234375 0.044444444444444446
15 0.209375 0.6777777777777778 0.021875 0.041666666666666664
16 0.1859375 0.20555555555555555 0.0203125 0.03888888888888889
17 0.0734375 0.6555555555555556 0.01875 0.03888888888888889
19 0.6703125 0.5527777777777778 0.025 0.044444444444444446
20 0.3234375 0.9055555555555556 0.0234375 0.041666666666666664
21 0.78125 0.6805555555555556 0.0234375 0.041666666666666664
8 0.840625 0.36944444444444446 0.0203125 0.044444444444444446
9 0.55 0.8388888888888889 0.025 0.044444444444444446
10 0.2953125 0.5555555555555556 0.0234375 0.04722222222222222
13 0.659375 0.8305555555555556 0.0234375 0.041666666666666664