1 0.4765625 0.03611111111111111 0.0375 0.06944444444444445
2 0.9 0.12222222222222222 0.034375 0.07222222222222222
3 0.0609375 0.8972222222222223 0.034375 0.07222222222222222
4 0.4796875 0.9722222222222222 0.0390625 0.05277777777777778
5 0.8953125 0.8888888888888888 0.034375 0.075
6 0.859375 0.6527777777777778 0.0203125 0.041666666666666664
12 0.4109375 0.3333333333333333 0.0265625 0.05
8 0.3484375 0.4638888888888889 0.0234375 0.04722222222222222
14 0.4359375 0.5194444444444445 0.025 0.05
9 0.55 0.8388888888888889 0.0265625 0.044444444444444446
20 0.325 0.9055555555555556 0.025 0.044444444444444446
15 0.3453125 0.7805555555555556 0.025 0.04722222222222222
7 0.378125 0.5777777777777777 0.0265625 0.04722222222222222
19 0.11875 0.5777777777777777 0.0203125 0.03888888888888889
0 0.0515625 0.14166666666666666 0.034375 0.06111111111111111