0 0.05625 0.125 0.0296875 0.05
1 0.4859375 0.030555555555555555 0.034375 0.058333333333333334
3 0.0640625 0.8833333333333333 0.034375 0.06111111111111111
4 0.4859375 0.975 0.040625 0.05
5 0.9 0.8916666666666667 0.028125 0.058333333333333334
6 0.83125 0.25555555555555554 0.0234375 0.044444444444444446
14 0.2859375 0.8555555555555555 0.025 0.04722222222222222
17 0.6421875 0.21388888888888888 0.025 0.044444444444444446
20 0.4671875 0.3333333333333333 0.028125 0.04722222222222222
8 0.715625 0.7972222222222223 0.0234375 0.044444444444444446
10 0.353125 0.4 0.028125 0.04722222222222222