0 0.05625 0.12222222222222222 0.028125 0.05
1 0.4859375 0.027777777777777776 0.034375 0.05555555555555555
2 0.9109375 0.12777777777777777 0.0265625 0.044444444444444446
3 0.0640625 0.8805555555555555 0.025 0.05555555555555555
4 0.484375 0.9722222222222222 0.0359375 0.05555555555555555
5 0.9 0.8944444444444445 0.028125 0.06111111111111111
6 0.2234375 0.18888888888888888 0.0234375 0.041666666666666664
10 0.23125 0.8638888888888889 0.0203125 0.041666666666666664
14 0.2703125 0.8277777777777777 0.0234375 0.041666666666666664
17 0.7265625 0.14444444444444443 0.0234375 0.041666666666666664
20 0.503125 0.8944444444444445 0.0265625 0.041666666666666664
8 0.7171875 0.7972222222222223 0.0234375 0.041666666666666664