0 0.046875 0.1388888888888889 0.03125 0.05555555555555555
1 0.475 0.03611111111111111 0.0390625 0.06944444444444445
2 0.9015625 0.12777777777777777 0.0328125 0.058333333333333334
3 0.0609375 0.8944444444444445 0.034375 0.05555555555555555
4 0.478125 0.9722222222222222 0.0375 0.05277777777777778
5 0.89375 0.8888888888888888 0.0328125 0.058333333333333334
6 0.859375 0.16111111111111112 0.01875 0.03888888888888889
7 0.5875 0.32222222222222224 0.025 0.04722222222222222
14 0.759375 0.875 0.0234375 0.041666666666666664
15 0.88125 0.7972222222222223 0.021875 0.03888888888888889
19 0.2125 0.2 0.021875 0.041666666666666664
20 0.8734375 0.5333333333333333 0.021875 0.03888888888888889
8 0.40625 0.35 0.025 0.04722222222222222
9 0.5484375 0.8388888888888889 0.0265625 0.044444444444444446
10 0.5109375 0.09722222222222222 0.028125 0.041666666666666664