20 0.1984375 0.8027777777777778 0.0234375 0.04722222222222222
0 0.0515625 0.1388888888888889 0.0328125 0.06388888888888888
1 0.475 0.03333333333333333 0.034375 0.06388888888888888
2 0.9 0.12777777777777777 0.03125 0.06388888888888888
3 0.0609375 0.8916666666666667 0.03125 0.06944444444444445
4 0.4796875 0.975 0.0390625 0.04722222222222222
5 0.89375 0.8916666666666667 0.0328125 0.06111111111111111
7 0.10625 0.3277777777777778 0.0234375 0.041666666666666664
6 0.7625 0.3388888888888889 0.0234375 0.04722222222222222
11 0.1046875 0.15833333333333333 0.021875 0.03611111111111111
16 0.8515625 0.675 0.0234375 0.041666666666666664
12 0.740625 0.11388888888888889 0.0234375 0.044444444444444446
13 0.878125 0.6361111111111111 0.0203125 0.044444444444444446
17 0.609375 0.20833333333333334 0.0265625 0.04722222222222222
9 0.5140625 0.4583333333333333 0.0265625 0.05277777777777778
8 0.7453125 0.7305555555555555 0.025 0.041666666666666664
10 0.7546875 0.7805555555555556 0.0234375 0.044444444444444446