0 0.05 0.1388888888888889 0.034375 0.07222222222222222
1 0.4765625 0.03611111111111111 0.0375 0.06944444444444445
2 0.8984375 0.11944444444444445 0.034375 0.08888888888888889
3 0.059375 0.9 0.034375 0.07777777777777778
4 0.478125 0.975 0.0375 0.05
5 0.8953125 0.8944444444444445 0.0375 0.08333333333333333
7 0.071875 0.7444444444444445 0.01875 0.041666666666666664
14 0.615625 0.65 0.025 0.044444444444444446
15 0.396875 0.9111111111111111 0.0234375 0.044444444444444446
17 0.1328125 0.6833333333333333 0.0203125 0.041666666666666664
19 0.6171875 0.15555555555555556 0.0234375 0.044444444444444446
20 0.228125 0.7277777777777777 0.0234375 0.044444444444444446
8 0.3 0.15 0.025 0.044444444444444446
9 0.55 0.8416666666666667 0.025 0.05
6 0.71875 0.30833333333333335 0.0234375 0.044444444444444446
10 0.0875 0.8555555555555555 0.01875 0.03888888888888889