0 0.046875 0.1388888888888889 0.0296875 0.058333333333333334
1 0.4765625 0.03611111111111111 0.0359375 0.06944444444444445
2 0.9 0.12777777777777777 0.034375 0.058333333333333334
3 0.059375 0.8916666666666667 0.028125 0.06388888888888888
4 0.4796875 0.975 0.0375 0.05
5 0.896875 0.8888888888888888 0.034375 0.058333333333333334
6 0.4359375 0.8444444444444444 0.025 0.041666666666666664
13 0.8640625 0.4361111111111111 0.01875 0.03888888888888889
7 0.890625 0.43333333333333335 0.01875 0.03888888888888889
14 0.434375 0.5194444444444445 0.028125 0.04722222222222222
15 0.165625 0.7888888888888889 0.021875 0.03611111111111111
16 0.34375 0.5611111111111111 0.0265625 0.04722222222222222
17 0.075 0.6583333333333333 0.01875 0.03888888888888889
19 0.6421875 0.49444444444444446 0.0265625 0.044444444444444446
20 0.325 0.9055555555555556 0.0234375 0.041666666666666664
8 0.78125 0.33055555555555555 0.021875 0.03888888888888889
9 0.55 0.8388888888888889 0.025 0.044444444444444446
12 0.125 0.7888888888888889 0.0234375 0.041666666666666664