0 0.0484375 0.1388888888888889 0.03125 0.05277777777777778
1 0.475 0.03333333333333333 0.0375 0.06111111111111111
2 0.9 0.12222222222222222 0.034375 0.05555555555555555
3 0.0578125 0.8944444444444445 0.028125 0.05555555555555555
4 0.478125 0.9722222222222222 0.034375 0.05555555555555555
5 0.89375 0.8833333333333333 0.03125 0.058333333333333334
6 0.4359375 0.8444444444444444 0.025 0.04722222222222222
7 0.140625 0.75 0.021875 0.03888888888888889
14 0.5625 0.5222222222222223 0.0234375 0.044444444444444446
15 0.209375 0.6777777777777778 0.0234375 0.041666666666666664
16 0.184375 0.20833333333333334 0.021875 0.041666666666666664
17 0.075 0.6583333333333333 0.01875 0.03888888888888889
19 0.8546875 0.6611111111111111 0.01875 0.03333333333333333
20 0.3234375 0.9055555555555556 0.021875 0.041666666666666664
21 0.78125 0.6805555555555556 0.0203125 0.03611111111111111
8 0.89375 0.7361111111111112 0.01875 0.03333333333333333
9 0.55 0.8388888888888889 0.025 0.044444444444444446
10 0.2953125 0.5583333333333333 0.0234375 0.044444444444444446
12 0.1265625 0.8166666666666667 0.021875 0.03888888888888889
13 0.659375 0.8305555555555556 0.025 0.044444444444444446