0 0.05625 0.125 0.03125 0.058333333333333334
1 0.4859375 0.030555555555555555 0.0359375 0.06111111111111111
2 0.9109375 0.12777777777777777 0.0328125 0.06111111111111111
3 0.0640625 0.8777777777777778 0.03125 0.058333333333333334
4 0.4875 0.975 0.0390625 0.05
5 0.9 0.8944444444444445 0.034375 0.06666666666666667
6 0.146875 0.14444444444444443 0.01875 0.03888888888888889
14 0.246875 0.8055555555555556 0.0234375 0.044444444444444446
17 0.5078125 0.36666666666666664 0.025 0.041666666666666664
20 0.20625 0.6472222222222223 0.0234375 0.044444444444444446
8 0.715625 0.7944444444444444 0.0234375 0.044444444444444446
10 0.0625 0.36666666666666664 0.01875 0.044444444444444446
11 0.0984375 0.25555555555555554 0.0171875 0.03611111111111111