0 0.046875 0.1361111111111111 0.0328125 0.06111111111111111
1 0.475 0.03611111111111111 0.0390625 0.06666666666666667
2 0.903125 0.12777777777777777 0.034375 0.06111111111111111
3 0.0609375 0.8944444444444445 0.03125 0.06388888888888888
4 0.478125 0.9722222222222222 0.0390625 0.05277777777777778
5 0.89375 0.8861111111111111 0.0328125 0.06111111111111111
6 0.4375 0.8444444444444444 0.0265625 0.044444444444444446
7 0.359375 0.4722222222222222 0.025 0.044444444444444446
14 0.434375 0.5194444444444445 0.028125 0.044444444444444446
15 0.346875 0.7777777777777778 0.0234375 0.044444444444444446
16 0.165625 0.15555555555555556 0.0234375 0.041666666666666664
17 0.19375 0.8833333333333333 0.021875 0.041666666666666664
19 0.378125 0.31666666666666665 0.025 0.044444444444444446
20 0.3234375 0.9055555555555556 0.0234375 0.044444444444444446
8 0.125 0.21388888888888888 0.0234375 0.041666666666666664
9 0.55 0.8388888888888889 0.0265625 0.044444444444444446
10 0.0703125 0.7944444444444444 0.0203125 0.041666666666666664
12 0.203125 0.5555555555555556 0.025 0.044444444444444446
13 0.5953125 0.14444444444444443 0.025 0.044444444444444446