0 0.046875 0.1388888888888889 0.0265625 0.058333333333333334
1 0.4765625 0.03611111111111111 0.0359375 0.06666666666666667
2 0.903125 0.125 0.0296875 0.06388888888888888
3 0.0578125 0.8916666666666667 0.034375 0.06111111111111111
4 0.4796875 0.9722222222222222 0.0375 0.05277777777777778
5 0.8953125 0.8888888888888888 0.03125 0.06111111111111111
6 0.4359375 0.8444444444444444 0.025 0.041666666666666664
7 0.85 0.46944444444444444 0.0203125 0.03888888888888889
14 0.4359375 0.5194444444444445 0.025 0.044444444444444446
15 0.171875 0.8305555555555556 0.021875 0.041666666666666664
16 0.34375 0.5611111111111111 0.025 0.044444444444444446
17 0.075 0.6555555555555556 0.01875 0.03888888888888889
19 0.6421875 0.49444444444444446 0.0234375 0.044444444444444446
20 0.325 0.9055555555555556 0.0265625 0.03888888888888889
21 0.8140625 0.5583333333333333 0.0203125 0.041666666666666664
8 0.78125 0.33055555555555555 0.021875 0.03888888888888889
9 0.55 0.8388888888888889 0.025 0.041666666666666664
10 0.625 0.8166666666666667 0.025 0.04722222222222222
12 0.125 0.7888888888888889 0.021875 0.03888888888888889
13 0.7859375 0.6833333333333333 0.021875 0.041666666666666664