0 0.046875 0.1388888888888889 0.03125 0.058333333333333334
1 0.475 0.03611111111111111 0.0359375 0.06666666666666667
2 0.9015625 0.125 0.034375 0.05555555555555555
3 0.059375 0.8944444444444445 0.0328125 0.06111111111111111
4 0.478125 0.9722222222222222 0.040625 0.05277777777777778
5 0.89375 0.8888888888888888 0.0296875 0.06666666666666667
6 0.8875 0.8222222222222222 0.0203125 0.03333333333333333
14 0.665625 0.15 0.0234375 0.041666666666666664
15 0.8984375 0.43333333333333335 0.0234375 0.03888888888888889
16 0.828125 0.16111111111111112 0.0203125 0.03888888888888889
17 0.059375 0.16944444444444445 0.0203125 0.030555555555555555
18 0.1203125 0.2361111111111111 0.021875 0.041666666666666664
19 0.8015625 0.15 0.0203125 0.03888888888888889
20 0.6 0.8972222222222223 0.025 0.041666666666666664
21 0.4828125 0.5777777777777777 0.025 0.044444444444444446
9 0.596875 0.4583333333333333 0.0265625 0.041666666666666664
10 0.828125 0.8083333333333333 0.021875 0.03888888888888889
11 0.2078125 0.5888888888888889 0.021875 0.044444444444444446
12 0.2171875 0.2222222222222222 0.0265625 0.044444444444444446
13 0.85 0.24444444444444444 0.01875 0.03611111111111111
7 0.8828125 0.6972222222222222 0.01875 0.03611111111111111
8 0.315625 0.3111111111111111 0.025 0.03888888888888889