0 0.05 0.1388888888888889 0.0375 0.06944444444444445
1 0.475 0.03611111111111111 0.0390625 0.06666666666666667
2 0.9015625 0.125 0.0390625 0.08333333333333333
3 0.0578125 0.8972222222222223 0.0421875 0.07222222222222222
4 0.478125 0.9722222222222222 0.0328125 0.05555555555555555
5 0.9 0.8944444444444445 0.040625 0.08333333333333333
6 0.803125 0.5083333333333333 0.0234375 0.04722222222222222
7 0.1046875 0.8083333333333333 0.0203125 0.03888888888888889
15 0.0921875 0.46944444444444444 0.025 0.044444444444444446
14 0.43125 0.12777777777777777 0.0265625 0.04722222222222222
8 0.2828125 0.10555555555555556 0.0234375 0.044444444444444446
19 0.6171875 0.15833333333333333 0.0265625 0.044444444444444446
9 0.55 0.8388888888888889 0.025 0.044444444444444446
17 0.13125 0.6861111111111111 0.021875 0.044444444444444446
20 0.228125 0.725 0.025 0.044444444444444446