0 0.0515625 0.1388888888888889 0.0296875 0.058333333333333334
1 0.4765625 0.03888888888888889 0.0359375 0.075
2 0.9 0.125 0.0359375 0.06388888888888888
3 0.059375 0.8944444444444445 0.034375 0.06944444444444445
4 0.4796875 0.9722222222222222 0.0390625 0.05555555555555555
5 0.89375 0.8888888888888888 0.0328125 0.06111111111111111
6 0.8578125 0.7194444444444444 0.0203125 0.03611111111111111
7 0.359375 0.46944444444444444 0.0265625 0.044444444444444446
14 0.4359375 0.5194444444444445 0.0265625 0.044444444444444446
15 0.3453125 0.7805555555555556 0.0234375 0.041666666666666664
16 0.215625 0.6666666666666666 0.0234375 0.041666666666666664
17 0.1953125 0.8861111111111111 0.021875 0.03888888888888889
19 0.3765625 0.31666666666666665 0.025 0.044444444444444446
20 0.3234375 0.9055555555555556 0.021875 0.041666666666666664
8 0.734375 0.4083333333333333 0.025 0.041666666666666664
9 0.5484375 0.8388888888888889 0.0234375 0.044444444444444446
10 0.071875 0.7888888888888889 0.021875 0.03888888888888889
12 0.40625 0.2111111111111111 0.028125 0.04722222222222222
13 0.5953125 0.14444444444444443 0.025 0.044444444444444446