0 0.0515625 0.1388888888888889 0.03125 0.05555555555555555
1 0.475 0.03611111111111111 0.0375 0.06388888888888888
2 0.8984375 0.12777777777777777 0.028125 0.06388888888888888
3 0.059375 0.8944444444444445 0.028125 0.07222222222222222
4 0.478125 0.975 0.0421875 0.05
5 0.8953125 0.8916666666666667 0.0359375 0.06666666666666667
20 0.45 0.22777777777777777 0.025 0.03888888888888889
10 0.2703125 0.9166666666666666 0.0265625 0.044444444444444446
6 0.4046875 0.8444444444444444 0.0265625 0.041666666666666664
16 0.4 0.7611111111111111 0.025 0.044444444444444446
8 0.478125 0.6555555555555556 0.0265625 0.044444444444444446
21 0.565625 0.8583333333333333 0.0265625 0.044444444444444446
7 0.7421875 0.65 0.025 0.044444444444444446
18 0.8609375 0.25277777777777777 0.0203125 0.041666666666666664
14 0.85 0.38333333333333336 0.0234375 0.041666666666666664
13 0.7921875 0.6805555555555556 0.021875 0.04722222222222222
9 0.7921875 0.8916666666666667 0.021875 0.041666666666666664
15 0.8125 0.875 0.0203125 0.044444444444444446
12 0.7046875 0.8805555555555555 0.025 0.03611111111111111
17 0.728125 0.8388888888888889 0.0234375 0.041666666666666664
11 0.7171875 0.9055555555555556 0.0203125 0.03333333333333333