0 0.05 0.14166666666666666 0.034375 0.06388888888888888
1 0.4765625 0.03611111111111111 0.0390625 0.06111111111111111
2 0.9 0.12222222222222222 0.034375 0.06944444444444445
3 0.0609375 0.8944444444444445 0.0359375 0.075
4 0.4796875 0.9722222222222222 0.0390625 0.05555555555555555
5 0.8953125 0.8861111111111111 0.034375 0.06944444444444445
20 0.325 0.9055555555555556 0.021875 0.044444444444444446
6 0.8609375 0.6527777777777778 0.01875 0.041666666666666664
14 0.4359375 0.5194444444444445 0.025 0.05
7 0.359375 0.46944444444444444 0.028125 0.05
12 0.4109375 0.3333333333333333 0.025 0.04722222222222222
15 0.3453125 0.7833333333333333 0.021875 0.041666666666666664
12 0.3453125 0.75 0.0015625 0.008333333333333333
19 0.134375 0.6138888888888889 0.021875 0.03888888888888889
17 0.1421875 0.7888888888888889 0.0203125 0.03888888888888889
10 0.071875 0.7888888888888889 0.0203125 0.03333333333333333
16 0.06875 0.875 0.0203125 0.03611111111111111
9 0.55 0.8416666666666667 0.0203125 0.041666666666666664