0 0.05 0.14166666666666666 0.0328125 0.06944444444444445
1 0.475 0.03888888888888889 0.0359375 0.06111111111111111
2 0.9 0.12777777777777777 0.03125 0.06666666666666667
3 0.059375 0.8944444444444445 0.0328125 0.07222222222222222
4 0.478125 0.975 0.040625 0.04722222222222222
5 0.8953125 0.8888888888888888 0.0375 0.06111111111111111
10 0.2703125 0.9166666666666666 0.025 0.03611111111111111
6 0.4046875 0.8444444444444444 0.025 0.04722222222222222
21 0.5640625 0.8583333333333333 0.0234375 0.044444444444444446
16 0.60625 0.8166666666666667 0.028125 0.044444444444444446
8 0.7125 0.7722222222222223 0.025 0.03888888888888889
12 0.7046875 0.8777777777777778 0.025 0.041666666666666664
11 0.728125 0.8916666666666667 0.025 0.041666666666666664
17 0.7453125 0.85 0.025 0.041666666666666664
9 0.7953125 0.8888888888888888 0.021875 0.04722222222222222
15 0.821875 0.8694444444444445 0.0203125 0.04722222222222222
13 0.79375 0.6805555555555556 0.025 0.041666666666666664
7 0.74375 0.65 0.028125 0.04722222222222222
14 0.846875 0.38333333333333336 0.0234375 0.044444444444444446
16 0.8609375 0.25277777777777777 0.0203125 0.041666666666666664
20 0.45 0.22777777777777777 0.0203125 0.041666666666666664