1 0.475 0.03611111111111111 0.040625 0.07222222222222222
2 0.9015625 0.11944444444444445 0.0359375 0.07777777777777778
3 0.0609375 0.8944444444444445 0.03125 0.06666666666666667
4 0.478125 0.9722222222222222 0.0375 0.05555555555555555
5 0.896875 0.8888888888888888 0.034375 0.06944444444444445
20 0.81875 0.18611111111111112 0.0234375 0.041666666666666664
6 0.840625 0.6416666666666667 0.0203125 0.03611111111111111
9 0.7296875 0.8666666666666667 0.025 0.04722222222222222
8 0.765625 0.15833333333333333 0.025 0.044444444444444446
10 0.7484375 0.175 0.0203125 0.041666666666666664
0 0.0515625 0.1361111111111111 0.0328125 0.06388888888888888
7 0.775 0.8555555555555555 0.01875 0.03888888888888889
16 0.1109375 0.7555555555555555 0.0234375 0.03888888888888889
17 0.765625 0.20833333333333334 0.0203125 0.041666666666666664
18 0.4953125 0.6111111111111112 0.025 0.041666666666666664
21 0.8609375 0.14722222222222223 0.0203125 0.03888888888888889
11 0.6953125 0.11388888888888889 0.0265625 0.04722222222222222
12 0.846875 0.18333333333333332 0.0203125 0.03888888888888889
13 0.78125 0.4361111111111111 0.0203125 0.041666666666666664