0 0.0484375 0.1388888888888889 0.03125 0.058333333333333334
1 0.475 0.03611111111111111 0.0375 0.06666666666666667
2 0.903125 0.12777777777777777 0.03125 0.058333333333333334
3 0.059375 0.8944444444444445 0.028125 0.06388888888888888
4 0.478125 0.9722222222222222 0.034375 0.05555555555555555
5 0.8953125 0.8916666666666667 0.0328125 0.06388888888888888
6 0.4359375 0.8444444444444444 0.0265625 0.044444444444444446
7 0.359375 0.46944444444444444 0.0234375 0.044444444444444446
14 0.434375 0.5194444444444445 0.025 0.04722222222222222
15 0.3453125 0.7805555555555556 0.0234375 0.041666666666666664
16 0.1984375 0.4111111111111111 0.021875 0.044444444444444446
17 0.19375 0.8833333333333333 0.0203125 0.041666666666666664
19 0.3765625 0.31666666666666665 0.021875 0.041666666666666664
20 0.325 0.9055555555555556 0.025 0.041666666666666664
8 0.125 0.21666666666666667 0.021875 0.03888888888888889
9 0.55 0.8388888888888889 0.0234375 0.041666666666666664
10 0.0703125 0.7916666666666666 0.0203125 0.03888888888888889
12 0.21875 0.425 0.0234375 0.044444444444444446
13 0.5953125 0.14722222222222223 0.0234375 0.041666666666666664