0 0.0484375 0.1361111111111111 0.0296875 0.05555555555555555
1 0.4765625 0.03611111111111111 0.0359375 0.06944444444444445
2 0.9015625 0.12222222222222222 0.03125 0.05555555555555555
3 0.059375 0.8916666666666667 0.034375 0.06111111111111111
4 0.4796875 0.9722222222222222 0.0390625 0.05277777777777778
5 0.8953125 0.8888888888888888 0.034375 0.06388888888888888
6 0.409375 0.5722222222222222 0.0265625 0.04722222222222222
7 0.1 0.4638888888888889 0.0203125 0.03888888888888889
18 0.3390625 0.8277777777777777 0.0234375 0.03888888888888889
14 0.3765625 0.8111111111111111 0.025 0.044444444444444446
15 0.146875 0.7916666666666666 0.0203125 0.03888888888888889
16 0.1171875 0.7722222222222223 0.0203125 0.03888888888888889
17 0.075 0.6555555555555556 0.01875 0.03611111111111111
19 0.85625 0.6611111111111111 0.01875 0.03611111111111111
20 0.2265625 0.8527777777777777 0.025 0.041666666666666664
21 0.7828125 0.6805555555555556 0.0203125 0.041666666666666664
8 0.90625 0.5111111111111111 0.01875 0.03888888888888889
9 0.55 0.8388888888888889 0.025 0.044444444444444446
10 0.296875 0.5555555555555556 0.025 0.044444444444444446
12 0.2703125 0.9 0.025 0.041666666666666664
13 0.659375 0.8277777777777777 0.0234375 0.041666666666666664