0 0.05 0.1388888888888889 0.0296875 0.058333333333333334
1 0.4765625 0.03611111111111111 0.0390625 0.06944444444444445
2 0.9 0.12777777777777777 0.0328125 0.06111111111111111
3 0.0609375 0.8944444444444445 0.0328125 0.06666666666666667
4 0.47890625 0.9708333333333333 0.0359375 0.058333333333333334
5 0.89375 0.8888888888888888 0.03125 0.06388888888888888
6 0.428125 0.7777777777777778 0.025 0.044444444444444446
7 0.453125 0.5722222222222222 0.025 0.04722222222222222
14 0.796875 0.3972222222222222 0.0234375 0.03888888888888889
17 0.0890625 0.8583333333333333 0.01875 0.03888888888888889
15 0.1046875 0.8055555555555556 0.021875 0.03888888888888889
16 0.1390625 0.8111111111111111 0.0203125 0.03888888888888889
18 0.215625 0.3861111111111111 0.0265625 0.04722222222222222
19 0.853125 0.6583333333333333 0.025 0.03888888888888889
20 0.225 0.8416666666666667 0.0234375 0.041666666666666664
21 0.2390625 0.675 0.0234375 0.041666666666666664
8 0.0734375 0.5666666666666667 0.021875 0.041666666666666664
9 0.55 0.8333333333333334 0.025 0.044444444444444446
10 0.271875 0.8555555555555555 0.021875 0.041666666666666664
11 0.3390625 0.6666666666666666 0.025 0.044444444444444446
12 0.70625 0.6111111111111112 0.025 0.041666666666666664
13 0.1140625 0.5666666666666667 0.0203125 0.03611111111111111