0 0.046875 0.1388888888888889 0.03125 0.058333333333333334
1 0.475 0.03611111111111111 0.0359375 0.06666666666666667
2 0.9015625 0.125 0.034375 0.05555555555555555
3 0.059375 0.8944444444444445 0.0328125 0.06111111111111111
4 0.478125 0.9722222222222222 0.040625 0.05277777777777778
5 0.89375 0.8888888888888888 0.0296875 0.06666666666666667
6 0.8421875 0.8055555555555556 0.0203125 0.03888888888888889
7 0.140625 0.24444444444444444 0.021875 0.03888888888888889
14 0.85625 0.15555555555555556 0.021875 0.03611111111111111
15 0.825 0.30277777777777776 0.021875 0.03888888888888889
16 0.2046875 0.7888888888888889 0.0234375 0.044444444444444446
17 0.21875 0.8388888888888889 0.021875 0.041666666666666664
18 0.9015625 0.5444444444444444 0.021875 0.041666666666666664
19 0.8296875 0.8833333333333333 0.0203125 0.03888888888888889
20 0.6 0.8972222222222223 0.0234375 0.041666666666666664
21 0.6703125 0.2611111111111111 0.025 0.044444444444444446
8 0.715625 0.31666666666666665 0.025 0.04722222222222222
9 0.7859375 0.7083333333333334 0.021875 0.041666666666666664
10 0.8625 0.20833333333333334 0.021875 0.044444444444444446
11 0.459375 0.46111111111111114 0.025 0.044444444444444446
12 0.190625 0.6277777777777778 0.0265625 0.044444444444444446
13 0.7921875 0.5944444444444444 0.021875 0.041666666666666664