8 0.2828125 0.10555555555555556 0.0265625 0.041666666666666664
0 0.05 0.1388888888888889 0.040625 0.06666666666666667
1 0.47421875 0.03333333333333333 0.0390625 0.06666666666666667
2 0.9 0.12222222222222222 0.040625 0.075
3 0.0578125 0.9 0.0421875 0.07222222222222222
4 0.4796875 0.9694444444444444 0.0390625 0.06111111111111111
5 0.8984375 0.8916666666666667 0.0359375 0.07777777777777778
6 0.7171875 0.8472222222222222 0.025 0.04722222222222222
19 0.61875 0.15555555555555556 0.025 0.04722222222222222
14 0.4265625 0.6444444444444445 0.0265625 0.044444444444444446
20 0.228125 0.7222222222222222 0.021875 0.044444444444444446
15 0.16875 0.7666666666666667 0.0203125 0.044444444444444446
7 0.090625 0.7277777777777777 0.01875 0.041666666666666664
17 0.1328125 0.6833333333333333 0.01875 0.041666666666666664
10 0.1078125 0.8722222222222222 0.0203125 0.044444444444444446
9 0.55 0.8416666666666667 0.028125 0.04722222222222222