0 0.05 0.1388888888888889 0.040625 0.075
1 0.475 0.03611111111111111 0.0359375 0.07222222222222222
2 0.9 0.12222222222222222 0.040625 0.075
3 0.059375 0.9 0.040625 0.08333333333333333
4 0.478125 0.9722222222222222 0.0390625 0.05277777777777778
5 0.8953125 0.8888888888888888 0.0390625 0.075
19 0.25625 0.175 0.025 0.044444444444444446
7 0.5875 0.325 0.025 0.05
6 0.24375 0.5083333333333333 0.0265625 0.044444444444444446
20 0.1578125 0.5472222222222223 0.025 0.044444444444444446
8 0.4828125 0.6944444444444444 0.0265625 0.05
9 0.5484375 0.8388888888888889 0.028125 0.04722222222222222
10 0.81875 0.2 0.025 0.044444444444444446
14 0.759375 0.875 0.0265625 0.044444444444444446
15 0.8796875 0.7972222222222223 0.021875 0.044444444444444446