0 0.05 0.1361111111111111 0.034375 0.07222222222222222
1 0.475 0.03333333333333333 0.0375 0.06666666666666667
2 0.9 0.12222222222222222 0.0328125 0.07222222222222222
3 0.059375 0.9 0.034375 0.06666666666666667
4 0.4796875 0.975 0.034375 0.04722222222222222
5 0.8953125 0.8916666666666667 0.0359375 0.075
10 0.071875 0.7916666666666666 0.0171875 0.03333333333333333
8 0.43125 0.475 0.025 0.044444444444444446
17 0.1328125 0.6861111111111111 0.01875 0.03888888888888889
15 0.396875 0.9138888888888889 0.021875 0.044444444444444446
20 0.2328125 0.8 0.0203125 0.041666666666666664
14 0.6171875 0.65 0.0234375 0.044444444444444446
7 0.425 0.5527777777777778 0.025 0.044444444444444446
19 0.61875 0.15833333333333333 0.0234375 0.03611111111111111
6 0.840625 0.43333333333333335 0.01875 0.044444444444444446
9 0.55 0.8416666666666667 0.021875 0.041666666666666664