0 0.05 0.1388888888888889 0.040625 0.075
1 0.475 0.03611111111111111 0.0359375 0.07222222222222222
2 0.9 0.12222222222222222 0.040625 0.075
3 0.059375 0.9 0.040625 0.08333333333333333
4 0.478125 0.9722222222222222 0.0390625 0.05277777777777778
5 0.8953125 0.8888888888888888 0.0390625 0.075
7 0.5875 0.325 0.025 0.05
10 0.575 0.5611111111111111 0.0265625 0.04722222222222222
14 0.759375 0.875 0.025 0.041666666666666664
15 0.8796875 0.8 0.021875 0.041666666666666664
20 0.8625 0.24722222222222223 0.025 0.044444444444444446
19 0.2125 0.2 0.0234375 0.041666666666666664
8 0.3359375 0.10277777777777777 0.0265625 0.044444444444444446
6 0.24375 0.5055555555555555 0.0234375 0.044444444444444446
9 0.55 0.8388888888888889 0.0265625 0.044444444444444446