0 0.05 0.1388888888888889 0.034375 0.06111111111111111
1 0.475 0.03333333333333333 0.034375 0.06388888888888888
2 0.9 0.125 0.0296875 0.06666666666666667
3 0.0609375 0.8944444444444445 0.034375 0.06666666666666667
4 0.4796875 0.9722222222222222 0.0359375 0.05277777777777778
5 0.89375 0.8833333333333333 0.034375 0.06944444444444445
17 0.1328125 0.6833333333333333 0.0203125 0.03888888888888889
10 0.071875 0.7888888888888889 0.0203125 0.03888888888888889
15 0.3453125 0.7805555555555556 0.021875 0.041666666666666664
7 0.3859375 0.6361111111111111 0.025 0.041666666666666664
8 0.3484375 0.46111111111111114 0.025 0.04722222222222222
12 0.4125 0.33611111111111114 0.0265625 0.044444444444444446
19 0.48125 0.3277777777777778 0.025 0.041666666666666664
9 0.55 0.8388888888888889 0.021875 0.044444444444444446
20 0.325 0.9083333333333333 0.0234375 0.03888888888888889
6 0.859375 0.6555555555555556 0.0203125 0.03611111111111111
14 0.8765625 0.5472222222222223 0.021875 0.044444444444444446