0 0.059375 0.125 0.03125 0.058333333333333334
1 0.4875 0.03333333333333333 0.0390625 0.058333333333333334
2 0.909375 0.125 0.028125 0.06388888888888888
3 0.0640625 0.8805555555555555 0.0328125 0.05555555555555555
4 0.4828125 0.9694444444444444 0.034375 0.058333333333333334
5 0.8984375 0.8944444444444445 0.03125 0.06111111111111111
6 0.8359375 0.24722222222222223 0.0203125 0.03888888888888889
14 0.2875 0.8555555555555555 0.0234375 0.044444444444444446
17 0.621875 0.21388888888888888 0.0234375 0.044444444444444446
20 0.46875 0.33055555555555555 0.0234375 0.04722222222222222
8 0.7171875 0.7972222222222223 0.0203125 0.044444444444444446
10 0.353125 0.4027777777777778 0.0265625 0.04722222222222222