0 0.046875 0.1361111111111111 0.0359375 0.058333333333333334
1 0.4765625 0.03333333333333333 0.0359375 0.06666666666666667
2 0.9 0.12777777777777777 0.034375 0.06388888888888888
3 0.059375 0.8888888888888888 0.0359375 0.06944444444444445
4 0.478125 0.9722222222222222 0.0390625 0.05277777777777778
5 0.8953125 0.8861111111111111 0.034375 0.06388888888888888
6 0.4359375 0.8444444444444444 0.0234375 0.041666666666666664
7 0.76875 0.525 0.0203125 0.041666666666666664
14 0.4359375 0.5166666666666667 0.0234375 0.041666666666666664
15 0.1796875 0.85 0.021875 0.03611111111111111
16 0.34375 0.5611111111111111 0.0265625 0.044444444444444446
17 0.0734375 0.6555555555555556 0.01875 0.03888888888888889
19 0.64375 0.49444444444444446 0.021875 0.041666666666666664
20 0.325 0.9055555555555556 0.0234375 0.03888888888888889
21 0.7828125 0.6833333333333333 0.0203125 0.041666666666666664
8 0.78125 0.33055555555555555 0.0234375 0.041666666666666664
9 0.55 0.8388888888888889 0.025 0.041666666666666664
12 0.125 0.7916666666666666 0.0234375 0.041666666666666664
13 0.659375 0.8277777777777777 0.0234375 0.044444444444444446