0 0.0484375 0.1388888888888889 0.028125 0.05277777777777778
1 0.4765625 0.03888888888888889 0.0375 0.07222222222222222
2 0.9 0.125 0.0359375 0.06111111111111111
3 0.05625 0.8944444444444445 0.028125 0.06388888888888888
4 0.47890625 0.9708333333333333 0.0421875 0.058333333333333334
5 0.896875 0.8888888888888888 0.0359375 0.06666666666666667
6 0.859375 0.6555555555555556 0.01875 0.03888888888888889
7 0.6125 0.3888888888888889 0.025 0.044444444444444446
14 0.615625 0.6555555555555556 0.0265625 0.044444444444444446
15 0.3453125 0.7805555555555556 0.025 0.044444444444444446
17 0.1328125 0.6833333333333333 0.0234375 0.041666666666666664
19 0.615625 0.19722222222222222 0.025 0.041666666666666664
20 0.325 0.9055555555555556 0.025 0.041666666666666664
8 0.3484375 0.4638888888888889 0.025 0.044444444444444446
9 0.55 0.8388888888888889 0.025 0.041666666666666664
10 0.071875 0.7888888888888889 0.01875 0.03611111111111111