0 0.0484375 0.1361111111111111 0.03125 0.058333333333333334
1 0.4765625 0.03611111111111111 0.040625 0.06666666666666667
2 0.9 0.12222222222222222 0.034375 0.06666666666666667
3 0.059375 0.8916666666666667 0.0328125 0.06388888888888888
4 0.4796875 0.9722222222222222 0.0390625 0.05555555555555555
5 0.896875 0.8888888888888888 0.034375 0.06111111111111111
6 0.434375 0.8472222222222222 0.025 0.041666666666666664
7 0.359375 0.4666666666666667 0.028125 0.04722222222222222
14 0.4359375 0.5194444444444445 0.025 0.044444444444444446
15 0.3453125 0.7805555555555556 0.0234375 0.041666666666666664
16 0.1265625 0.30277777777777776 0.021875 0.03888888888888889
17 0.1953125 0.8861111111111111 0.021875 0.044444444444444446
19 0.378125 0.3194444444444444 0.025 0.044444444444444446
20 0.325 0.9055555555555556 0.025 0.044444444444444446
8 0.125 0.21388888888888888 0.021875 0.041666666666666664
9 0.55 0.8388888888888889 0.0265625 0.044444444444444446
10 0.071875 0.7888888888888889 0.021875 0.041666666666666664
12 0.1921875 0.65 0.0265625 0.044444444444444446
13 0.59375 0.14722222222222223 0.0265625 0.041666666666666664