0 0.0515625 0.1388888888888889 0.0328125 0.06388888888888888
1 0.475 0.03333333333333333 0.034375 0.06388888888888888
2 0.9 0.12777777777777777 0.03125 0.06388888888888888
3 0.0609375 0.8916666666666667 0.03125 0.06944444444444445
4 0.4796875 0.975 0.0390625 0.04722222222222222
5 0.89375 0.8916666666666667 0.0328125 0.06111111111111111
13 0.8515625 0.8694444444444445 0.0203125 0.03888888888888889
7 0.271875 0.15 0.025 0.041666666666666664
6 0.6703125 0.2777777777777778 0.0234375 0.04722222222222222
11 0.58125 0.28055555555555556 0.0265625 0.04722222222222222
16 0.646875 0.19722222222222222 0.025 0.041666666666666664
10 0.753125 0.18611111111111112 0.0234375 0.044444444444444446
18 0.8046875 0.2916666666666667 0.025 0.041666666666666664
8 0.8609375 0.49722222222222223 0.028125 0.041666666666666664
9 0.4734375 0.8194444444444444 0.028125 0.044444444444444446
17 0.6375 0.8722222222222222 0.025 0.044444444444444446
12 0.771875 0.44722222222222224 0.0234375 0.044444444444444446