0 0.05625 0.12222222222222222 0.0265625 0.05
1 0.4859375 0.030555555555555555 0.0328125 0.058333333333333334
2 0.9109375 0.12777777777777777 0.0328125 0.05277777777777778
3 0.0640625 0.875 0.028125 0.05555555555555555
4 0.484375 0.9666666666666667 0.040625 0.06388888888888888
5 0.9 0.8888888888888888 0.034375 0.06111111111111111
6 0.2671875 0.8138888888888889 0.0234375 0.03888888888888889
14 0.2875 0.8555555555555555 0.025 0.044444444444444446
17 0.5984375 0.09444444444444444 0.025 0.041666666666666664
20 0.4828125 0.44722222222222224 0.0265625 0.04722222222222222
8 0.71875 0.7944444444444444 0.0234375 0.041666666666666664
10 0.215625 0.8583333333333333 0.01875 0.041666666666666664