0 0.0484375 0.1388888888888889 0.0296875 0.06111111111111111
1 0.475 0.03333333333333333 0.0359375 0.06388888888888888
2 0.9015625 0.125 0.0296875 0.058333333333333334
3 0.0609375 0.8972222222222223 0.0328125 0.06388888888888888
4 0.478125 0.9722222222222222 0.0375 0.05555555555555555
5 0.896875 0.8888888888888888 0.0328125 0.06111111111111111
6 0.3875 0.5777777777777777 0.0234375 0.041666666666666664
7 0.2140625 0.4888888888888889 0.0234375 0.041666666666666664
14 0.328125 0.8361111111111111 0.025 0.041666666666666664
16 0.1203125 0.8138888888888889 0.0203125 0.03611111111111111
15 0.1484375 0.7777777777777778 0.01875 0.03611111111111111
17 0.09375 0.7611111111111111 0.01875 0.041666666666666664
18 0.2125 0.7694444444444445 0.025 0.041666666666666664
19 0.8546875 0.6611111111111111 0.0203125 0.03888888888888889
20 0.2265625 0.8527777777777777 0.025 0.041666666666666664
21 0.2375 0.6722222222222223 0.021875 0.044444444444444446
8 0.1 0.4388888888888889 0.021875 0.03888888888888889
9 0.55 0.8305555555555556 0.0234375 0.044444444444444446
10 0.253125 0.7138888888888889 0.0234375 0.044444444444444446
11 0.3390625 0.6694444444444444 0.0234375 0.044444444444444446
12 0.70625 0.6138888888888889 0.025 0.041666666666666664
13 0.0765625 0.875 0.0171875 0.03611111111111111