0 0.046875 0.1388888888888889 0.03125 0.058333333333333334
1 0.475 0.03611111111111111 0.0359375 0.06666666666666667
2 0.9015625 0.125 0.034375 0.05555555555555555
3 0.059375 0.8944444444444445 0.0328125 0.06111111111111111
4 0.478125 0.9722222222222222 0.040625 0.05277777777777778
5 0.89375 0.8888888888888888 0.0296875 0.06666666666666667
6 0.8890625 0.8194444444444444 0.0203125 0.03611111111111111
14 0.6578125 0.10555555555555556 0.0234375 0.041666666666666664
15 0.9 0.4361111111111111 0.0234375 0.03888888888888889
16 0.8296875 0.16111111111111112 0.021875 0.041666666666666664
17 0.059375 0.16944444444444445 0.0203125 0.030555555555555555
18 0.484375 0.21666666666666667 0.025 0.044444444444444446
19 0.80625 0.1527777777777778 0.0234375 0.03888888888888889
20 0.6 0.8972222222222223 0.025 0.041666666666666664
21 0.584375 0.5611111111111111 0.021875 0.041666666666666664
9 0.2296875 0.125 0.021875 0.03888888888888889
10 0.8265625 0.8083333333333333 0.0203125 0.03888888888888889
11 0.8875 0.5861111111111111 0.0203125 0.03888888888888889
12 0.48125 0.05277777777777778 0.0265625 0.044444444444444446
13 0.884375 0.41944444444444445 0.0234375 0.03888888888888889
7 0.884375 0.6972222222222222 0.021875 0.03888888888888889
8 0.40625 0.21388888888888888 0.025 0.04722222222222222