0 0.0484375 0.1388888888888889 0.034375 0.06111111111111111
1 0.4765625 0.03888888888888889 0.0359375 0.07222222222222222
2 0.9 0.12222222222222222 0.0328125 0.058333333333333334
3 0.059375 0.8944444444444445 0.0328125 0.06388888888888888
4 0.48125 0.9722222222222222 0.034375 0.05555555555555555
5 0.89375 0.8861111111111111 0.0328125 0.058333333333333334
6 0.8609375 0.6527777777777778 0.0203125 0.041666666666666664
7 0.359375 0.46944444444444444 0.025 0.044444444444444446
14 0.434375 0.5194444444444445 0.028125 0.044444444444444446
15 0.34375 0.7805555555555556 0.0265625 0.044444444444444446
16 0.215625 0.6666666666666666 0.025 0.044444444444444446
17 0.15 0.3277777777777778 0.0203125 0.03888888888888889
19 0.378125 0.31666666666666665 0.0265625 0.041666666666666664
20 0.325 0.9055555555555556 0.0234375 0.03888888888888889
8 0.2671875 0.6666666666666666 0.025 0.04722222222222222
9 0.55 0.8388888888888889 0.025 0.041666666666666664
10 0.071875 0.7888888888888889 0.0203125 0.03888888888888889
12 0.3984375 0.2111111111111111 0.025 0.044444444444444446