0 0.0484375 0.14166666666666666 0.0328125 0.06111111111111111
1 0.478125 0.03888888888888889 0.0390625 0.06666666666666667
2 0.9 0.12777777777777777 0.0328125 0.06388888888888888
3 0.059375 0.8916666666666667 0.028125 0.06388888888888888
4 0.4796875 0.9722222222222222 0.040625 0.05555555555555555
5 0.8953125 0.8888888888888888 0.034375 0.06388888888888888
6 0.859375 0.6555555555555556 0.01875 0.03611111111111111
7 0.6 0.21666666666666667 0.0234375 0.041666666666666664
14 0.615625 0.6472222222222223 0.0265625 0.04722222222222222
15 0.3375 0.8833333333333333 0.021875 0.041666666666666664
17 0.13125 0.6833333333333333 0.0203125 0.03888888888888889
19 0.61875 0.15833333333333333 0.0234375 0.03888888888888889
20 0.29375 0.8055555555555556 0.025 0.041666666666666664
8 0.3875 0.7805555555555556 0.025 0.041666666666666664
9 0.55 0.8388888888888889 0.0265625 0.041666666666666664
10 0.0703125 0.7888888888888889 0.021875 0.03888888888888889