0 0.05 0.1388888888888889 0.040625 0.06944444444444445
1 0.475 0.03611111111111111 0.040625 0.07222222222222222
2 0.9015625 0.11944444444444445 0.0359375 0.07777777777777778
3 0.05625 0.9027777777777778 0.0421875 0.08888888888888889
4 0.4796875 0.9722222222222222 0.040625 0.05555555555555555
5 0.896875 0.8888888888888888 0.034375 0.06944444444444445
20 0.8875 0.85 0.0171875 0.03611111111111111
11 0.846875 0.14722222222222223 0.01875 0.03333333333333333
16 0.8625 0.17222222222222222 0.01875 0.03333333333333333
7 0.740625 0.65 0.025 0.044444444444444446
10 0.459375 0.6916666666666667 0.0234375 0.044444444444444446
9 0.8796875 0.3638888888888889 0.021875 0.03888888888888889
19 0.884375 0.75 0.0203125 0.041666666666666664
14 0.8359375 0.3861111111111111 0.0234375 0.041666666666666664
17 0.615625 0.7861111111111111 0.0234375 0.041666666666666664
8 0.471875 0.7805555555555556 0.025 0.044444444444444446
12 0.2421875 0.7694444444444445 0.025 0.044444444444444446
6 0.86875 0.8 0.0234375 0.041666666666666664
18 0.678125 0.9 0.0234375 0.041666666666666664
13 0.2203125 0.23055555555555557 0.025 0.044444444444444446
15 0.865625 0.8694444444444445 0.025 0.041666666666666664
21 0.121875 0.8777777777777778 0.0234375 0.041666666666666664