0 0.05 0.1388888888888889 0.040625 0.075
1 0.475 0.03611111111111111 0.0359375 0.07222222222222222
2 0.9 0.12222222222222222 0.040625 0.075
3 0.059375 0.9 0.040625 0.08333333333333333
4 0.478125 0.9722222222222222 0.0390625 0.05277777777777778
5 0.8953125 0.8888888888888888 0.0390625 0.075
20 0.878125 0.5222222222222223 0.0265625 0.04722222222222222
7 0.5875 0.32222222222222224 0.025 0.04722222222222222
19 0.2140625 0.2 0.0265625 0.04722222222222222
8 0.1671875 0.2638888888888889 0.025 0.044444444444444446
10 0.5703125 0.5694444444444444 0.025 0.05
9 0.55 0.8388888888888889 0.0265625 0.044444444444444446
14 0.7609375 0.875 0.025 0.05
15 0.88125 0.7944444444444444 0.0234375 0.04722222222222222