0 0.0484375 0.1388888888888889 0.03125 0.058333333333333334
1 0.475 0.03611111111111111 0.040625 0.06944444444444445
2 0.896875 0.125 0.0359375 0.06666666666666667
3 0.059375 0.8944444444444445 0.0296875 0.06388888888888888
4 0.4796875 0.9722222222222222 0.0375 0.05555555555555555
5 0.8953125 0.8888888888888888 0.034375 0.06388888888888888
6 0.859375 0.6527777777777778 0.0203125 0.03611111111111111
7 0.6109375 0.2861111111111111 0.025 0.041666666666666664
14 0.615625 0.65 0.0265625 0.04722222222222222
15 0.3453125 0.7805555555555556 0.0234375 0.041666666666666664
17 0.13125 0.6833333333333333 0.021875 0.041666666666666664
19 0.615625 0.19722222222222222 0.025 0.03888888888888889
20 0.325 0.9055555555555556 0.0234375 0.03611111111111111
8 0.3484375 0.46111111111111114 0.0234375 0.05
9 0.55 0.8388888888888889 0.025 0.044444444444444446
10 0.0703125 0.7888888888888889 0.0234375 0.03888888888888889