0 0.05 0.1388888888888889 0.040625 0.06944444444444445
1 0.475 0.03611111111111111 0.040625 0.07222222222222222
2 0.9015625 0.11944444444444445 0.0359375 0.07777777777777778
3 0.05625 0.9027777777777778 0.0421875 0.08888888888888889
4 0.4796875 0.9722222222222222 0.040625 0.05555555555555555
5 0.896875 0.8888888888888888 0.034375 0.06944444444444445
18 0.171875 0.44722222222222224 0.0265625 0.044444444444444446
20 0.771875 0.8277777777777777 0.025 0.044444444444444446
11 0.8515625 0.14166666666666666 0.0234375 0.041666666666666664
16 0.8625 0.17222222222222222 0.0203125 0.03333333333333333
7 0.5734375 0.4666666666666667 0.025 0.044444444444444446
10 0.765625 0.4666666666666667 0.0234375 0.041666666666666664
9 0.8921875 0.2638888888888889 0.021875 0.03888888888888889
19 0.83125 0.7638888888888888 0.01875 0.041666666666666664
14 0.8296875 0.40555555555555556 0.0234375 0.041666666666666664
17 0.7828125 0.8805555555555555 0.0234375 0.041666666666666664
15 0.8703125 0.8361111111111111 0.0203125 0.03611111111111111
6 0.8859375 0.8388888888888889 0.01875 0.03888888888888889
13 0.75625 0.16944444444444445 0.021875 0.041666666666666664
21 0.490625 0.5666666666666667 0.025 0.04722222222222222
8 0.5734375 0.675 0.0265625 0.05
12 0.50625 0.6638888888888889 0.025 0.05