0 0.05 0.1388888888888889 0.028125 0.06388888888888888
1 0.475 0.03611111111111111 0.0375 0.06944444444444445
2 0.8984375 0.12222222222222222 0.0359375 0.06388888888888888
3 0.059375 0.8972222222222223 0.03125 0.05555555555555555
4 0.478125 0.9722222222222222 0.0375 0.05555555555555555
5 0.896875 0.8861111111111111 0.03125 0.06111111111111111
6 0.4359375 0.8444444444444444 0.021875 0.041666666666666664
13 0.8625 0.4361111111111111 0.021875 0.03888888888888889
7 0.890625 0.4361111111111111 0.0171875 0.03888888888888889
14 0.434375 0.5194444444444445 0.0265625 0.044444444444444446
15 0.1671875 0.7888888888888889 0.0203125 0.03888888888888889
16 0.240625 0.6583333333333333 0.0234375 0.041666666666666664
17 0.075 0.6555555555555556 0.01875 0.03888888888888889
19 0.6421875 0.49444444444444446 0.0234375 0.041666666666666664
20 0.325 0.9055555555555556 0.0234375 0.03888888888888889
8 0.7828125 0.33055555555555555 0.021875 0.03888888888888889
9 0.55 0.8388888888888889 0.0234375 0.044444444444444446
10 0.3625 0.5611111111111111 0.025 0.041666666666666664
12 0.125 0.7916666666666666 0.0234375 0.041666666666666664