0 0.0484375 0.1388888888888889 0.0296875 0.05555555555555555
1 0.4765625 0.03333333333333333 0.0359375 0.06666666666666667
2 0.903125 0.125 0.03125 0.06111111111111111
3 0.0609375 0.8888888888888888 0.028125 0.058333333333333334
4 0.47734375 0.9708333333333333 0.0390625 0.058333333333333334
5 0.8953125 0.8888888888888888 0.03125 0.06111111111111111
6 0.865625 0.6583333333333333 0.01875 0.03611111111111111
7 0.359375 0.46944444444444444 0.025 0.041666666666666664
14 0.434375 0.5194444444444445 0.025 0.04722222222222222
15 0.3453125 0.7777777777777778 0.021875 0.041666666666666664
16 0.215625 0.6666666666666666 0.021875 0.04722222222222222
17 0.19375 0.8861111111111111 0.021875 0.041666666666666664
19 0.378125 0.31666666666666665 0.025 0.044444444444444446
20 0.325 0.9055555555555556 0.021875 0.041666666666666664
8 0.4625 0.5583333333333333 0.028125 0.044444444444444446
9 0.55 0.8388888888888889 0.0265625 0.041666666666666664
10 0.071875 0.7888888888888889 0.01875 0.03888888888888889
12 0.3984375 0.18611111111111112 0.0265625 0.04722222222222222
13 0.6 0.14722222222222223 0.0203125 0.04722222222222222