0 0.05 0.1361111111111111 0.03125 0.06388888888888888
1 0.475 0.03333333333333333 0.0375 0.06111111111111111
2 0.9 0.12777777777777777 0.03125 0.06388888888888888
3 0.059375 0.8944444444444445 0.0296875 0.06944444444444445
4 0.478125 0.975 0.0390625 0.04722222222222222
5 0.89375 0.8861111111111111 0.034375 0.05555555555555555
8 0.275 0.36666666666666664 0.025 0.044444444444444446
20 0.45 0.23055555555555557 0.021875 0.044444444444444446
10 0.271875 0.9166666666666666 0.0265625 0.03333333333333333
6 0.40625 0.8444444444444444 0.025 0.03611111111111111
21 0.5640625 0.8583333333333333 0.0265625 0.041666666666666664
7 0.74375 0.65 0.0234375 0.041666666666666664
14 0.8484375 0.3861111111111111 0.0203125 0.041666666666666664
18 0.8625 0.25 0.01875 0.03888888888888889
17 0.8421875 0.8361111111111111 0.01875 0.03333333333333333
15 0.8640625 0.8611111111111112 0.0203125 0.030555555555555555
12 0.7046875 0.8805555555555555 0.0234375 0.03888888888888889
11 0.734375 0.8805555555555555 0.0203125 0.044444444444444446
13 0.8265625 0.7 0.0234375 0.03888888888888889
9 0.796875 0.8888888888888888 0.01875 0.03333333333333333
16 0.790625 0.8444444444444444 0.021875 0.041666666666666664