0 0.05 0.1361111111111111 0.0390625 0.07222222222222222
1 0.475 0.03611111111111111 0.0375 0.06944444444444445
3 0.0578125 0.8944444444444445 0.0359375 0.06944444444444445
4 0.4796875 0.9722222222222222 0.0359375 0.05555555555555555
5 0.8984375 0.8888888888888888 0.0390625 0.07777777777777778
10 0.1078125 0.8722222222222222 0.01875 0.03611111111111111
7 0.1265625 0.8361111111111111 0.0203125 0.044444444444444446
17 0.13125 0.6833333333333333 0.0203125 0.041666666666666664
20 0.228125 0.725 0.0234375 0.04722222222222222
15 0.1390625 0.33055555555555555 0.0234375 0.041666666666666664
8 0.2828125 0.10833333333333334 0.025 0.04722222222222222
14 0.4453125 0.2361111111111111 0.0234375 0.044444444444444446
19 0.61875 0.15833333333333333 0.0234375 0.041666666666666664
9 0.55 0.8416666666666667 0.0234375 0.041666666666666664