0 0.05 0.14166666666666666 0.0328125 0.058333333333333334
1 0.4765625 0.03333333333333333 0.0375 0.06111111111111111
2 0.8984375 0.12777777777777777 0.0328125 0.06388888888888888
3 0.059375 0.8972222222222223 0.03125 0.06666666666666667
4 0.478125 0.975 0.0359375 0.05
5 0.8953125 0.8888888888888888 0.034375 0.06666666666666667
10 0.071875 0.7888888888888889 0.0234375 0.03333333333333333
17 0.13125 0.6833333333333333 0.0234375 0.03333333333333333
14 0.134375 0.6083333333333333 0.025 0.03888888888888889
8 0.35 0.4638888888888889 0.025 0.04722222222222222
7 0.384375 0.6388888888888888 0.025 0.044444444444444446
12 0.4109375 0.33611111111111114 0.0234375 0.04722222222222222
19 0.615625 0.19444444444444445 0.025 0.03888888888888889
6 0.859375 0.65 0.025 0.044444444444444446
15 0.3453125 0.7805555555555556 0.025 0.044444444444444446
20 0.325 0.9055555555555556 0.025 0.041666666666666664
9 0.55 0.8388888888888889 0.0234375 0.03888888888888889