0 0.05 0.14166666666666666 0.03125 0.058333333333333334
1 0.475 0.03611111111111111 0.0375 0.06666666666666667
2 0.9 0.12777777777777777 0.034375 0.06111111111111111
3 0.059375 0.8944444444444445 0.0296875 0.06111111111111111
4 0.478125 0.9722222222222222 0.0359375 0.05277777777777778
5 0.8953125 0.8888888888888888 0.034375 0.06111111111111111
6 0.4359375 0.8444444444444444 0.0234375 0.041666666666666664
7 0.5125 0.6694444444444444 0.025 0.04722222222222222
14 0.4359375 0.5166666666666667 0.0265625 0.044444444444444446
15 0.178125 0.43333333333333335 0.0203125 0.03888888888888889
16 0.340625 0.5611111111111111 0.025 0.04722222222222222
17 0.075 0.6555555555555556 0.0203125 0.03888888888888889
19 0.64375 0.49444444444444446 0.0265625 0.044444444444444446
20 0.325 0.9055555555555556 0.0234375 0.03888888888888889
21 0.78125 0.6805555555555556 0.0234375 0.041666666666666664
8 0.7828125 0.33055555555555555 0.021875 0.044444444444444446
9 0.55 0.8388888888888889 0.025 0.044444444444444446
10 0.35625 0.35 0.025 0.044444444444444446
12 0.125 0.7888888888888889 0.0234375 0.044444444444444446
13 0.659375 0.8305555555555556 0.0265625 0.041666666666666664