0 0.05 0.1388888888888889 0.040625 0.075
1 0.475 0.03611111111111111 0.0359375 0.07222222222222222
2 0.9 0.12222222222222222 0.040625 0.075
3 0.059375 0.9 0.040625 0.08333333333333333
4 0.478125 0.9722222222222222 0.0390625 0.05277777777777778
7 0.5859375 0.325 0.028125 0.044444444444444446
8 0.40625 0.34444444444444444 0.025 0.05277777777777778
10 0.2171875 0.4083333333333333 0.025 0.044444444444444446
19 0.2125 0.2 0.0203125 0.044444444444444446
6 0.834375 0.15 0.0234375 0.041666666666666664
20 0.875 0.5305555555555556 0.0234375 0.041666666666666664
15 0.88125 0.7972222222222223 0.025 0.04722222222222222
14 0.759375 0.875 0.0203125 0.041666666666666664
9 0.55 0.8416666666666667 0.025 0.041666666666666664