0 0.05 0.14166666666666666 0.03125 0.06388888888888888
1 0.4765625 0.03333333333333333 0.0359375 0.06666666666666667
2 0.9 0.12777777777777777 0.0328125 0.06944444444444445
3 0.059375 0.8972222222222223 0.03125 0.06388888888888888
4 0.478125 0.975 0.0390625 0.05
5 0.8953125 0.8944444444444445 0.034375 0.06944444444444445
17 0.1328125 0.6833333333333333 0.0234375 0.044444444444444446
10 0.071875 0.7888888888888889 0.0234375 0.03611111111111111
12 0.121875 0.8166666666666667 0.021875 0.044444444444444446
8 0.35 0.46111111111111114 0.025 0.04722222222222222
15 0.3453125 0.7833333333333333 0.0265625 0.041666666666666664
9 0.55 0.8416666666666667 0.0265625 0.041666666666666664
20 0.325 0.9055555555555556 0.021875 0.041666666666666664
14 0.546875 0.12777777777777777 0.025 0.04722222222222222
19 0.615625 0.19722222222222222 0.0234375 0.044444444444444446
7 0.6046875 0.6916666666666667 0.028125 0.05
6 0.859375 0.6555555555555556 0.0234375 0.041666666666666664