0 0.05 0.1388888888888889 0.0328125 0.06111111111111111
1 0.475 0.03888888888888889 0.0359375 0.06944444444444445
2 0.9 0.12222222222222222 0.03125 0.06666666666666667
3 0.059375 0.8888888888888888 0.03125 0.06388888888888888
4 0.47890625 0.9708333333333333 0.0359375 0.058333333333333334
5 0.89375 0.8888888888888888 0.03125 0.06111111111111111
6 0.859375 0.6555555555555556 0.0203125 0.041666666666666664
7 0.3609375 0.4722222222222222 0.0234375 0.044444444444444446
14 0.4359375 0.5194444444444445 0.028125 0.04722222222222222
15 0.346875 0.7805555555555556 0.025 0.044444444444444446
16 0.215625 0.6666666666666666 0.0234375 0.044444444444444446
17 0.1625 0.14444444444444443 0.021875 0.041666666666666664
19 0.3765625 0.31666666666666665 0.028125 0.04722222222222222
20 0.3234375 0.9055555555555556 0.0265625 0.044444444444444446
8 0.2796875 0.6611111111111111 0.0265625 0.044444444444444446
9 0.55 0.8388888888888889 0.0265625 0.041666666666666664
10 0.0703125 0.7888888888888889 0.021875 0.03888888888888889
12 0.396875 0.2111111111111111 0.0296875 0.04722222222222222