0 0.059375 0.125 0.03125 0.05555555555555555
1 0.4859375 0.030555555555555555 0.0359375 0.058333333333333334
2 0.909375 0.12222222222222222 0.03125 0.058333333333333334
3 0.0640625 0.8777777777777778 0.03125 0.05555555555555555
4 0.4828125 0.975 0.0359375 0.05
5 0.8984375 0.8916666666666667 0.0296875 0.058333333333333334
6 0.1703125 0.39444444444444443 0.0203125 0.03611111111111111
14 0.078125 0.5416666666666666 0.025 0.044444444444444446
17 0.6421875 0.2111111111111111 0.025 0.044444444444444446
20 0.46875 0.33055555555555555 0.028125 0.04722222222222222
8 0.6515625 0.7444444444444445 0.0265625 0.04722222222222222
10 0.353125 0.4027777777777778 0.021875 0.044444444444444446