0 0.05 0.14166666666666666 0.03125 0.06666666666666667
1 0.475 0.03611111111111111 0.0375 0.06944444444444445
2 0.9 0.12777777777777777 0.0375 0.06944444444444445
3 0.059375 0.8944444444444445 0.0328125 0.06111111111111111
4 0.478125 0.9722222222222222 0.0359375 0.05555555555555555
5 0.89375 0.8861111111111111 0.0328125 0.06111111111111111
6 0.8609375 0.6527777777777778 0.021875 0.03888888888888889
7 0.359375 0.46944444444444444 0.025 0.044444444444444446
14 0.4359375 0.5194444444444445 0.025 0.044444444444444446
15 0.3453125 0.7805555555555556 0.0234375 0.04722222222222222
16 0.215625 0.6666666666666666 0.0234375 0.044444444444444446
17 0.15 0.8333333333333334 0.0203125 0.03888888888888889
19 0.378125 0.31666666666666665 0.0265625 0.044444444444444446
20 0.3234375 0.9055555555555556 0.0234375 0.03888888888888889
8 0.2671875 0.6694444444444444 0.021875 0.041666666666666664
9 0.55 0.8388888888888889 0.0234375 0.041666666666666664
10 0.071875 0.7888888888888889 0.0203125 0.03611111111111111