0 0.0484375 0.1361111111111111 0.0265625 0.058333333333333334
1 0.4765625 0.03333333333333333 0.0359375 0.06388888888888888
2 0.9 0.125 0.034375 0.06666666666666667
3 0.0625 0.8944444444444445 0.0359375 0.07222222222222222
4 0.478125 0.9722222222222222 0.0390625 0.05555555555555555
5 0.896875 0.8861111111111111 0.034375 0.06388888888888888
6 0.859375 0.6527777777777778 0.0203125 0.03611111111111111
7 0.5984375 0.21666666666666667 0.0265625 0.04722222222222222
14 0.615625 0.65 0.0265625 0.044444444444444446
15 0.3875 0.9222222222222223 0.025 0.044444444444444446
17 0.1328125 0.6833333333333333 0.0203125 0.041666666666666664
19 0.61875 0.15555555555555556 0.025 0.044444444444444446
20 0.1984375 0.7083333333333334 0.0265625 0.044444444444444446
8 0.490625 0.8333333333333334 0.0265625 0.044444444444444446
9 0.55 0.8416666666666667 0.025 0.041666666666666664
10 0.071875 0.7888888888888889 0.0203125 0.03611111111111111