0 0.05 0.1388888888888889 0.03125 0.06388888888888888
1 0.4765625 0.03611111111111111 0.0375 0.06666666666666667
2 0.9 0.125 0.0328125 0.06111111111111111
3 0.0578125 0.8916666666666667 0.03125 0.06388888888888888
4 0.478125 0.9722222222222222 0.0375 0.05277777777777778
5 0.8953125 0.8888888888888888 0.03125 0.06666666666666667
6 0.4359375 0.8444444444444444 0.0234375 0.044444444444444446
13 0.8625 0.4361111111111111 0.021875 0.03611111111111111
7 0.890625 0.43333333333333335 0.0171875 0.03888888888888889
14 0.4359375 0.5194444444444445 0.0265625 0.04722222222222222
15 0.1671875 0.7888888888888889 0.0203125 0.03888888888888889
16 0.134375 0.55 0.0203125 0.041666666666666664
17 0.1875 0.425 0.021875 0.041666666666666664
19 0.64375 0.49166666666666664 0.025 0.044444444444444446
20 0.325 0.9055555555555556 0.0234375 0.041666666666666664
8 0.78125 0.33055555555555555 0.021875 0.041666666666666664
9 0.55 0.8388888888888889 0.0234375 0.04722222222222222
10 0.228125 0.7805555555555556 0.0234375 0.041666666666666664
12 0.0625 0.6111111111111112 0.01875 0.041666666666666664