0 0.0484375 0.1388888888888889 0.0296875 0.06111111111111111
1 0.4765625 0.03611111111111111 0.040625 0.06666666666666667
2 0.9 0.125 0.0359375 0.06111111111111111
3 0.0609375 0.8944444444444445 0.03125 0.06944444444444445
4 0.4796875 0.9722222222222222 0.0375 0.05555555555555555
5 0.896875 0.8888888888888888 0.034375 0.06111111111111111
6 0.859375 0.6555555555555556 0.01875 0.041666666666666664
7 0.6 0.21666666666666667 0.025 0.04722222222222222
14 0.615625 0.6472222222222223 0.028125 0.044444444444444446
15 0.3953125 0.9111111111111111 0.0234375 0.041666666666666664
17 0.13125 0.6861111111111111 0.0234375 0.03888888888888889
19 0.6171875 0.15555555555555556 0.0234375 0.03888888888888889
20 0.2171875 0.3527777777777778 0.025 0.044444444444444446
8 0.446875 0.5194444444444445 0.0265625 0.05
9 0.55 0.8388888888888889 0.0234375 0.03888888888888889
10 0.0703125 0.7916666666666666 0.0203125 0.03888888888888889