0 0.046875 0.1388888888888889 0.0328125 0.05555555555555555
1 0.4765625 0.03611111111111111 0.0375 0.06944444444444445
2 0.9 0.125 0.034375 0.06111111111111111
3 0.059375 0.8944444444444445 0.0296875 0.06111111111111111
4 0.478125 0.9722222222222222 0.0390625 0.05277777777777778
5 0.8953125 0.8888888888888888 0.034375 0.06111111111111111
6 0.859375 0.6527777777777778 0.01875 0.041666666666666664
7 0.6125 0.5194444444444445 0.028125 0.04722222222222222
14 0.6140625 0.6805555555555556 0.0265625 0.044444444444444446
15 0.346875 0.7805555555555556 0.025 0.041666666666666664
17 0.1328125 0.6833333333333333 0.021875 0.041666666666666664
19 0.615625 0.19722222222222222 0.0234375 0.03888888888888889
20 0.325 0.9055555555555556 0.0234375 0.041666666666666664
8 0.3484375 0.4638888888888889 0.025 0.05
9 0.55 0.8388888888888889 0.025 0.044444444444444446
10 0.0703125 0.7888888888888889 0.021875 0.03888888888888889