0 0.0515625 0.1388888888888889 0.0359375 0.06388888888888888
1 0.4765625 0.03333333333333333 0.0375 0.06111111111111111
2 0.8984375 0.12777777777777777 0.034375 0.06388888888888888
3 0.0578125 0.8916666666666667 0.034375 0.075
4 0.4796875 0.975 0.0390625 0.05
5 0.8953125 0.8888888888888888 0.0328125 0.07777777777777778
10 0.2046875 0.16111111111111112 0.0234375 0.041666666666666664
17 0.215625 0.39444444444444443 0.028125 0.044444444444444446
6 0.271875 0.2361111111111111 0.025 0.044444444444444446
12 0.259375 0.11944444444444445 0.0265625 0.03888888888888889
8 0.0734375 0.5138888888888888 0.0265625 0.041666666666666664
9 0.4625 0.35833333333333334 0.0265625 0.05277777777777778
21 0.5578125 0.22777777777777777 0.028125 0.044444444444444446
16 0.5984375 0.31666666666666665 0.0265625 0.04722222222222222
20 0.6625 0.2611111111111111 0.025 0.03888888888888889
7 0.809375 0.40555555555555556 0.025 0.044444444444444446
18 0.8078125 0.16111111111111112 0.025 0.044444444444444446
11 0.74375 0.9 0.0203125 0.044444444444444446