0 0.0484375 0.1388888888888889 0.0328125 0.058333333333333334
1 0.4765625 0.03611111111111111 0.0375 0.06666666666666667
2 0.9 0.12222222222222222 0.0359375 0.06388888888888888
3 0.059375 0.8972222222222223 0.0296875 0.058333333333333334
4 0.4796875 0.9694444444444444 0.040625 0.058333333333333334
5 0.896875 0.8861111111111111 0.03125 0.05277777777777778
6 0.73125 0.8222222222222222 0.0234375 0.03888888888888889
7 0.359375 0.46944444444444444 0.025 0.041666666666666664
12 0.409375 0.525 0.0265625 0.04722222222222222
14 0.4359375 0.5166666666666667 0.025 0.04722222222222222
15 0.3453125 0.7805555555555556 0.0234375 0.044444444444444446
16 0.215625 0.6666666666666666 0.0234375 0.044444444444444446
17 0.19375 0.8861111111111111 0.021875 0.03888888888888889
19 0.378125 0.31666666666666665 0.0234375 0.041666666666666664
20 0.3234375 0.9055555555555556 0.025 0.044444444444444446
8 0.890625 0.3055555555555556 0.0203125 0.03888888888888889
9 0.55 0.8388888888888889 0.025 0.04722222222222222
10 0.0703125 0.7888888888888889 0.0203125 0.03888888888888889
13 0.596875 0.14722222222222223 0.0265625 0.044444444444444446