1 0.475 0.03611111111111111 0.040625 0.07222222222222222
2 0.9015625 0.11944444444444445 0.0359375 0.07777777777777778
3 0.0609375 0.8944444444444445 0.03125 0.06666666666666667
4 0.478125 0.9722222222222222 0.0375 0.05555555555555555
5 0.896875 0.8888888888888888 0.034375 0.06944444444444445
20 0.878125 0.45555555555555555 0.0234375 0.041666666666666664
6 0.815625 0.675 0.0203125 0.03611111111111111
9 0.7796875 0.25 0.0203125 0.041666666666666664
8 0.8875 0.30833333333333335 0.021875 0.03888888888888889
10 0.753125 0.18333333333333332 0.0203125 0.041666666666666664
0 0.0515625 0.1361111111111111 0.0328125 0.06388888888888888
7 0.7125 0.12222222222222222 0.021875 0.03888888888888889
16 0.6953125 0.14444444444444443 0.025 0.044444444444444446
17 0.7640625 0.36944444444444446 0.0203125 0.041666666666666664
18 0.8078125 0.2833333333333333 0.025 0.041666666666666664
11 0.58125 0.2777777777777778 0.025 0.044444444444444446
12 0.746875 0.7166666666666667 0.0203125 0.03888888888888889
13 0.89375 0.44166666666666665 0.0203125 0.041666666666666664