0 0.0484375 0.1388888888888889 0.0265625 0.05277777777777778
1 0.4765625 0.03611111111111111 0.0375 0.06666666666666667
2 0.9 0.12222222222222222 0.0296875 0.06111111111111111
3 0.0609375 0.8972222222222223 0.028125 0.06111111111111111
4 0.4796875 0.9722222222222222 0.0375 0.05277777777777778
5 0.8953125 0.8888888888888888 0.0328125 0.06111111111111111
6 0.4359375 0.8444444444444444 0.0234375 0.044444444444444446
7 0.703125 0.5638888888888889 0.0234375 0.03888888888888889
14 0.4359375 0.5166666666666667 0.0234375 0.041666666666666664
15 0.178125 0.7416666666666667 0.0203125 0.03611111111111111
16 0.34375 0.5611111111111111 0.025 0.044444444444444446
17 0.075 0.6555555555555556 0.0203125 0.03888888888888889
19 0.6421875 0.49166666666666664 0.0234375 0.044444444444444446
20 0.325 0.9055555555555556 0.021875 0.03888888888888889
21 0.7828125 0.6777777777777778 0.01875 0.041666666666666664
8 0.78125 0.3277777777777778 0.021875 0.03888888888888889
9 0.55 0.8388888888888889 0.0234375 0.03888888888888889
10 0.3765625 0.2833333333333333 0.025 0.044444444444444446
12 0.125 0.7916666666666666 0.021875 0.03888888888888889
13 0.6609375 0.8277777777777777 0.021875 0.041666666666666664