0 0.05 0.14166666666666666 0.0265625 0.06111111111111111
1 0.475 0.03333333333333333 0.0390625 0.05555555555555555
2 0.8984375 0.125 0.028125 0.06388888888888888
3 0.059375 0.8972222222222223 0.034375 0.07222222222222222
4 0.4796875 0.975 0.0375 0.04722222222222222
5 0.8953125 0.8888888888888888 0.0359375 0.06388888888888888
20 0.8625 0.25 0.0234375 0.041666666666666664
10 0.203125 0.8666666666666667 0.0234375 0.044444444444444446
6 0.2125 0.7027777777777777 0.025 0.044444444444444446
21 0.5640625 0.8583333333333333 0.028125 0.044444444444444446
7 0.890625 0.6472222222222223 0.0203125 0.04722222222222222
15 0.753125 0.6611111111111111 0.0234375 0.041666666666666664
13 0.2890625 0.41388888888888886 0.025 0.03888888888888889
14 0.8484375 0.38333333333333336 0.0234375 0.044444444444444446
12 0.596875 0.8777777777777778 0.028125 0.041666666666666664
9 0.159375 0.48333333333333334 0.025 0.044444444444444446
19 0.83125 0.6083333333333333 0.0265625 0.044444444444444446
8 0.7796875 0.6611111111111111 0.0234375 0.05
17 0.4640625 0.25555555555555554 0.0265625 0.04722222222222222
11 0.7375 0.6944444444444444 0.0234375 0.04722222222222222
16 0.8828125 0.8527777777777777 0.0203125 0.03611111111111111
20 0.4265625 0.2 0.0203125 0.044444444444444446