0 0.0484375 0.1388888888888889 0.0296875 0.058333333333333334
1 0.4765625 0.03333333333333333 0.0390625 0.06666666666666667
2 0.9015625 0.12222222222222222 0.0328125 0.06944444444444445
3 0.059375 0.8916666666666667 0.03125 0.06388888888888888
4 0.478125 0.9722222222222222 0.0375 0.05555555555555555
5 0.89375 0.8888888888888888 0.03125 0.06111111111111111
6 0.4359375 0.8472222222222222 0.0265625 0.044444444444444446
7 0.065625 0.3611111111111111 0.0203125 0.03611111111111111
14 0.4359375 0.5194444444444445 0.028125 0.04722222222222222
12 0.146875 0.8111111111111111 0.021875 0.03888888888888889
15 0.1671875 0.7888888888888889 0.0234375 0.03333333333333333
16 0.425 0.08888888888888889 0.025 0.04722222222222222
17 0.134375 0.7333333333333333 0.0203125 0.041666666666666664
19 0.5359375 0.28888888888888886 0.0265625 0.04722222222222222
20 0.325 0.9055555555555556 0.0265625 0.044444444444444446
8 0.1015625 0.3111111111111111 0.021875 0.041666666666666664
9 0.55 0.8388888888888889 0.025 0.041666666666666664
10 0.115625 0.8194444444444444 0.0203125 0.041666666666666664
13 0.596875 0.14444444444444443 0.025 0.03888888888888889