0 0.0484375 0.1388888888888889 0.03125 0.058333333333333334
1 0.475 0.03611111111111111 0.0375 0.06944444444444445
2 0.9 0.125 0.034375 0.06388888888888888
3 0.0609375 0.8944444444444445 0.034375 0.06666666666666667
4 0.478125 0.9694444444444444 0.0375 0.058333333333333334
5 0.896875 0.8833333333333333 0.03125 0.058333333333333334
6 0.859375 0.6527777777777778 0.01875 0.041666666666666664
7 0.359375 0.46944444444444444 0.025 0.04722222222222222
14 0.4359375 0.5166666666666667 0.0234375 0.04722222222222222
15 0.3453125 0.7805555555555556 0.0234375 0.041666666666666664
16 0.215625 0.6666666666666666 0.0234375 0.044444444444444446
17 0.14375 0.525 0.0203125 0.044444444444444446
19 0.378125 0.31666666666666665 0.025 0.041666666666666664
20 0.325 0.9055555555555556 0.0234375 0.041666666666666664
8 0.2671875 0.6694444444444444 0.021875 0.03888888888888889
9 0.55 0.8416666666666667 0.0265625 0.044444444444444446
10 0.071875 0.7888888888888889 0.01875 0.03611111111111111
12 0.3984375 0.2111111111111111 0.025 0.04722222222222222