0 0.0484375 0.1361111111111111 0.028125 0.05555555555555555
10 0.440625 0.1361111111111111 0.025 0.04722222222222222
16 0.45625 0.08333333333333333 0.025 0.044444444444444446
1 0.475 0.03333333333333333 0.0375 0.06388888888888888
2 0.9 0.12777777777777777 0.0328125 0.06111111111111111
3 0.059375 0.8944444444444445 0.0296875 0.06666666666666667
4 0.4796875 0.9708333333333333 0.0375 0.058333333333333334
5 0.896875 0.8888888888888888 0.0328125 0.06388888888888888
6 0.234375 0.8666666666666667 0.021875 0.041666666666666664
7 0.684375 0.7777777777777778 0.025 0.044444444444444446
14 0.0984375 0.36666666666666664 0.021875 0.041666666666666664
15 0.06875 0.7694444444444445 0.0203125 0.03888888888888889
17 0.5546875 0.36666666666666664 0.025 0.04722222222222222
18 0.2171875 0.3861111111111111 0.025 0.044444444444444446
19 0.8484375 0.6555555555555556 0.021875 0.041666666666666664
20 0.196875 0.6527777777777778 0.025 0.044444444444444446
21 0.153125 0.5027777777777778 0.021875 0.041666666666666664
8 0.0578125 0.6722222222222223 0.021875 0.03888888888888889
9 0.1875 0.5277777777777778 0.0203125 0.044444444444444446
11 0.3390625 0.6694444444444444 0.025 0.044444444444444446
12 0.153125 0.41388888888888886 0.025 0.04722222222222222
13 0.2390625 0.7333333333333333 0.025 0.044444444444444446