0 0.05 0.1388888888888889 0.0328125 0.06388888888888888
1 0.475 0.03333333333333333 0.0359375 0.06111111111111111
2 0.9 0.12777777777777777 0.0296875 0.06388888888888888
3 0.059375 0.8944444444444445 0.03125 0.06944444444444445
4 0.48046875 0.9763888888888889 0.0359375 0.04722222222222222
5 0.896875 0.8888888888888888 0.034375 0.06944444444444445
9 0.55 0.8388888888888889 0.025 0.041666666666666664
17 0.1328125 0.6833333333333333 0.01875 0.03888888888888889
10 0.071875 0.7916666666666666 0.021875 0.03611111111111111
8 0.3484375 0.4638888888888889 0.025 0.04722222222222222
12 0.4109375 0.33611111111111114 0.025 0.05
19 0.56875 0.10833333333333334 0.021875 0.041666666666666664
14 0.490625 0.5888888888888889 0.0234375 0.04722222222222222
7 0.3859375 0.6388888888888888 0.025 0.04722222222222222
15 0.346875 0.7833333333333333 0.0265625 0.041666666666666664
6 0.8609375 0.6555555555555556 0.0203125 0.044444444444444446
20 0.325 0.9055555555555556 0.021875 0.041666666666666664