0 0.05 0.14444444444444443 0.0359375 0.06388888888888888
1 0.475 0.03888888888888889 0.0421875 0.06666666666666667
2 0.9 0.12777777777777777 0.034375 0.06388888888888888
3 0.059375 0.8916666666666667 0.0328125 0.06944444444444445
4 0.4796875 0.9694444444444444 0.040625 0.058333333333333334
5 0.8953125 0.8888888888888888 0.034375 0.06666666666666667
6 0.4359375 0.8444444444444444 0.025 0.041666666666666664
7 0.2890625 0.43333333333333335 0.0234375 0.044444444444444446
14 0.4359375 0.5222222222222223 0.025 0.04722222222222222
15 0.325 0.8083333333333333 0.0234375 0.041666666666666664
16 0.425 0.08888888888888889 0.0234375 0.044444444444444446
17 0.19375 0.8861111111111111 0.0203125 0.03888888888888889
19 0.40625 0.2722222222222222 0.025 0.041666666666666664
20 0.325 0.9055555555555556 0.021875 0.041666666666666664
8 0.125 0.21388888888888888 0.0234375 0.03888888888888889
9 0.55 0.8388888888888889 0.025 0.044444444444444446
10 0.1140625 0.8194444444444444 0.0203125 0.041666666666666664
12 0.1453125 0.8111111111111111 0.021875 0.03888888888888889
13 0.5953125 0.14722222222222223 0.0234375 0.044444444444444446