0 0.05 0.14166666666666666 0.0375 0.06111111111111111
1 0.4765625 0.03611111111111111 0.0390625 0.07222222222222222
2 0.9 0.12777777777777777 0.0375 0.06944444444444445
3 0.059375 0.8916666666666667 0.0328125 0.06388888888888888
4 0.47890625 0.9708333333333333 0.0390625 0.058333333333333334
5 0.8953125 0.8888888888888888 0.0359375 0.058333333333333334
6 0.434375 0.8444444444444444 0.0265625 0.044444444444444446
7 0.346875 0.46111111111111114 0.025 0.044444444444444446
14 0.4359375 0.5194444444444445 0.028125 0.04722222222222222
15 0.3453125 0.7805555555555556 0.025 0.041666666666666664
16 0.0625 0.7611111111111111 0.01875 0.03888888888888889
12 0.171875 0.8833333333333333 0.0203125 0.044444444444444446
17 0.1953125 0.8861111111111111 0.0203125 0.041666666666666664
19 0.375 0.3194444444444444 0.0265625 0.044444444444444446
20 0.3234375 0.9055555555555556 0.025 0.044444444444444446
8 0.125 0.21388888888888888 0.0234375 0.041666666666666664
9 0.55 0.8388888888888889 0.0265625 0.044444444444444446
10 0.075 0.8083333333333333 0.0203125 0.03611111111111111
13 0.59375 0.14444444444444443 0.025 0.041666666666666664