0 0.05 0.1388888888888889 0.03125 0.06111111111111111
1 0.4765625 0.03611111111111111 0.0359375 0.06111111111111111
2 0.9015625 0.125 0.034375 0.05277777777777778
3 0.0578125 0.8972222222222223 0.0296875 0.06111111111111111
4 0.478125 0.9722222222222222 0.0375 0.05277777777777778
5 0.89375 0.8888888888888888 0.03125 0.06111111111111111
22 0.14375 0.40694444444444444 0.1453125 0.6291666666666667 0.2421875 0.5166666666666667 0.14375 0.40694444444444444
11 0.1875 0.5555555555555556 0.021875 0.044444444444444446
9 0.1875 0.5166666666666667 0.0203125 0.03888888888888889
13 0.203125 0.5333333333333333 0.021875 0.041666666666666664
17 0.2203125 0.5138888888888888 0.021875 0.044444444444444446
6 0.2578125 0.5166666666666667 0.025 0.04722222222222222
10 0.15625 0.4777777777777778 0.021875 0.03888888888888889
7 0.1546875 0.44166666666666665 0.0203125 0.03888888888888889
8 0.1546875 0.5555555555555556 0.0203125 0.041666666666666664
14 0.153125 0.5166666666666667 0.01875 0.03611111111111111
16 0.1578125 0.5944444444444444 0.0234375 0.03888888888888889
15 0.171875 0.575 0.01875 0.041666666666666664
20 0.16875 0.5361111111111111 0.0203125 0.041666666666666664
21 0.1703125 0.49722222222222223 0.021875 0.041666666666666664
12 0.171875 0.46111111111111114 0.01875 0.03611111111111111
18 0.1859375 0.475 0.0203125 0.03333333333333333
19 0.203125 0.49166666666666664 0.01875 0.03888888888888889