0 0.05 0.1388888888888889 0.03125 0.06111111111111111
1 0.475 0.03333333333333333 0.0359375 0.06666666666666667
2 0.9015625 0.12222222222222222 0.034375 0.058333333333333334
3 0.0625 0.8944444444444445 0.034375 0.06388888888888888
4 0.478125 0.9722222222222222 0.0390625 0.05277777777777778
5 0.8953125 0.8888888888888888 0.0359375 0.06388888888888888
6 0.4359375 0.8444444444444444 0.025 0.044444444444444446
13 0.8625 0.4361111111111111 0.01875 0.03888888888888889
7 0.890625 0.43333333333333335 0.01875 0.041666666666666664
14 0.434375 0.5194444444444445 0.025 0.05
15 0.165625 0.7888888888888889 0.021875 0.03888888888888889
16 0.19375 0.4444444444444444 0.0234375 0.044444444444444446
17 0.3046875 0.2222222222222222 0.0234375 0.041666666666666664
19 0.6421875 0.49444444444444446 0.025 0.044444444444444446
20 0.325 0.9083333333333333 0.0234375 0.041666666666666664
8 0.7828125 0.3277777777777778 0.021875 0.041666666666666664
9 0.55 0.8416666666666667 0.025 0.041666666666666664
10 0.1828125 0.8555555555555555 0.021875 0.044444444444444446
12 0.0640625 0.5388888888888889 0.01875 0.03888888888888889