0 0.05 0.1388888888888889 0.040625 0.075
1 0.475 0.03611111111111111 0.0359375 0.07222222222222222
2 0.9 0.12222222222222222 0.040625 0.075
3 0.059375 0.9 0.040625 0.08333333333333333
4 0.478125 0.9722222222222222 0.0390625 0.05277777777777778
5 0.8953125 0.8888888888888888 0.0390625 0.075
19 0.215625 0.2 0.0234375 0.044444444444444446
6 0.24375 0.5083333333333333 0.025 0.04722222222222222
8 0.4828125 0.6944444444444444 0.0265625 0.05
7 0.5859375 0.32222222222222224 0.0265625 0.044444444444444446
10 0.721875 0.2611111111111111 0.025 0.04722222222222222
9 0.55 0.8388888888888889 0.0234375 0.044444444444444446
14 0.7609375 0.875 0.025 0.041666666666666664
15 0.88125 0.8 0.0234375 0.044444444444444446