0 0.05 0.1361111111111111 0.034375 0.075
1 0.475 0.03611111111111111 0.0421875 0.06944444444444445
2 0.9 0.12222222222222222 0.040625 0.07777777777777778
3 0.05625 0.8972222222222223 0.0421875 0.07777777777777778
4 0.4796875 0.9694444444444444 0.0390625 0.058333333333333334
5 0.896875 0.8944444444444445 0.0421875 0.075
8 0.2828125 0.10833333333333334 0.0265625 0.044444444444444446
7 0.06875 0.7472222222222222 0.01875 0.044444444444444446
6 0.753125 0.7111111111111111 0.0234375 0.041666666666666664
14 0.428125 0.44166666666666665 0.0265625 0.04722222222222222
15 0.075 0.6444444444444445 0.0203125 0.044444444444444446
17 0.1328125 0.6861111111111111 0.0203125 0.044444444444444446
20 0.228125 0.725 0.0203125 0.04722222222222222
19 0.61875 0.15833333333333333 0.025 0.044444444444444446
9 0.55 0.8388888888888889 0.025 0.04722222222222222
10 0.1078125 0.8722222222222222 0.0203125 0.044444444444444446