0 0.046875 0.1388888888888889 0.028125 0.05555555555555555
1 0.475 0.03333333333333333 0.0375 0.06388888888888888
2 0.9015625 0.12222222222222222 0.0328125 0.058333333333333334
3 0.05625 0.8944444444444445 0.0296875 0.05555555555555555
4 0.4796875 0.975 0.0359375 0.05
5 0.89375 0.8888888888888888 0.034375 0.058333333333333334
6 0.40625 0.7916666666666666 0.025 0.04722222222222222
7 0.453125 0.5694444444444444 0.0265625 0.04722222222222222
14 0.796875 0.3972222222222222 0.025 0.044444444444444446
15 0.075 0.7805555555555556 0.0203125 0.03611111111111111
16 0.1453125 0.6777777777777778 0.021875 0.041666666666666664
17 0.140625 0.8361111111111111 0.0234375 0.041666666666666664
18 0.215625 0.3888888888888889 0.0234375 0.03888888888888889
19 0.85625 0.6611111111111111 0.0203125 0.044444444444444446
20 0.2265625 0.8472222222222222 0.0234375 0.044444444444444446
21 0.2390625 0.6722222222222223 0.0265625 0.041666666666666664
8 0.059375 0.6388888888888888 0.021875 0.044444444444444446
9 0.5484375 0.8277777777777777 0.025 0.04722222222222222
10 0.2734375 0.8611111111111112 0.021875 0.041666666666666664
11 0.340625 0.6666666666666666 0.0234375 0.04722222222222222
12 0.70625 0.6111111111111112 0.0265625 0.04722222222222222
13 0.0765625 0.6611111111111111 0.0234375 0.041666666666666664