0 0.0515625 0.1388888888888889 0.03125 0.05555555555555555
1 0.475 0.03333333333333333 0.034375 0.05555555555555555
2 0.896875 0.125 0.03125 0.058333333333333334
3 0.059375 0.8972222222222223 0.0328125 0.06944444444444445
4 0.4796875 0.975 0.0390625 0.05
5 0.89375 0.8861111111111111 0.034375 0.06666666666666667
10 0.071875 0.7916666666666666 0.021875 0.03611111111111111
17 0.1328125 0.6833333333333333 0.021875 0.03888888888888889
14 0.2546875 0.6194444444444445 0.025 0.041666666666666664
7 0.384375 0.6388888888888888 0.0265625 0.04722222222222222
8 0.3484375 0.46111111111111114 0.0265625 0.04722222222222222
8 0.4109375 0.3333333333333333 0.0265625 0.05277777777777778
19 0.6140625 0.19722222222222222 0.0234375 0.04722222222222222
6 0.859375 0.6555555555555556 0.021875 0.04722222222222222
15 0.3453125 0.7833333333333333 0.025 0.044444444444444446
9 0.5484375 0.8388888888888889 0.0234375 0.03888888888888889
20 0.325 0.9055555555555556 0.0203125 0.044444444444444446