0 0.05625 0.11944444444444445 0.025 0.05555555555555555
1 0.4859375 0.03333333333333333 0.03125 0.06111111111111111
2 0.909375 0.12777777777777777 0.03125 0.05555555555555555
3 0.065625 0.8805555555555555 0.028125 0.058333333333333334
4 0.4828125 0.975 0.0375 0.05
5 0.9 0.8916666666666667 0.0328125 0.058333333333333334
8 0.61875 0.19722222222222222 0.0265625 0.04722222222222222
6 0.609375 0.15833333333333333 0.021875 0.041666666666666664
14 0.146875 0.24166666666666667 0.0234375 0.04722222222222222
17 0.640625 0.225 0.025 0.04722222222222222
20 0.46875 0.3333333333333333 0.025 0.04722222222222222
10 0.3546875 0.4027777777777778 0.025 0.04722222222222222