13 0.659375 0.8305555555555556 0.0234375 0.044444444444444446
12 0.1265625 0.8166666666666667 0.025 0.041666666666666664
10 0.29375 0.5583333333333333 0.025 0.041666666666666664
9 0.55 0.8416666666666667 0.0234375 0.044444444444444446
8 0.5109375 0.5333333333333333 0.025 0.044444444444444446
21 0.78125 0.6805555555555556 0.021875 0.03888888888888889
20 0.3234375 0.9055555555555556 0.021875 0.041666666666666664
19 0.8546875 0.6611111111111111 0.0203125 0.03888888888888889
17 0.075 0.6555555555555556 0.021875 0.03888888888888889
16 0.178125 0.1388888888888889 0.0203125 0.03888888888888889
15 0.209375 0.6777777777777778 0.0203125 0.041666666666666664
14 0.2265625 0.2361111111111111 0.025 0.041666666666666664
7 0.140625 0.7555555555555555 0.0203125 0.041666666666666664
6 0.425 0.725 0.025 0.044444444444444446
5 0.8953125 0.8861111111111111 0.0328125 0.06388888888888888
4 0.478125 0.9708333333333333 0.034375 0.058333333333333334
3 0.0609375 0.8916666666666667 0.0296875 0.06111111111111111
2 0.9015625 0.12222222222222222 0.034375 0.058333333333333334
1 0.475 0.03611111111111111 0.0375 0.06666666666666667
0 0.0484375 0.1388888888888889 0.0359375 0.06666666666666667