0 0.05 0.1388888888888889 0.040625 0.075
1 0.475 0.03611111111111111 0.0359375 0.07222222222222222
2 0.9 0.12222222222222222 0.040625 0.075
3 0.059375 0.9 0.040625 0.08333333333333333
4 0.478125 0.9722222222222222 0.0390625 0.05277777777777778
5 0.8953125 0.8888888888888888 0.0390625 0.075
19 0.61875 0.18333333333333332 0.0265625 0.044444444444444446
7 0.5859375 0.32222222222222224 0.0265625 0.05
6 0.2421875 0.5083333333333333 0.025 0.044444444444444446
20 0.1578125 0.55 0.0234375 0.044444444444444446
8 0.4828125 0.6944444444444444 0.0265625 0.04722222222222222
9 0.55 0.8416666666666667 0.025 0.04722222222222222
14 0.7140625 0.7638888888888888 0.025 0.04722222222222222
17 0.7203125 0.875 0.0234375 0.04722222222222222
15 0.8796875 0.8 0.0234375 0.041666666666666664