0 0.0515625 0.1388888888888889 0.0328125 0.06388888888888888
1 0.475 0.03333333333333333 0.034375 0.06388888888888888
2 0.9 0.12777777777777777 0.03125 0.06388888888888888
3 0.0609375 0.8916666666666667 0.03125 0.06944444444444445
4 0.4796875 0.975 0.0390625 0.04722222222222222
5 0.89375 0.8916666666666667 0.0328125 0.06111111111111111
7 0.10625 0.3277777777777778 0.0234375 0.041666666666666664
6 0.7625 0.3388888888888889 0.0234375 0.04722222222222222
11 0.1046875 0.15833333333333333 0.021875 0.03611111111111111
16 0.86875 0.65 0.025 0.041666666666666664
10 0.4828125 0.39444444444444443 0.028125 0.04722222222222222
8 0.2546875 0.33055555555555555 0.03125 0.044444444444444446
12 0.740625 0.11388888888888889 0.0234375 0.044444444444444446
13 0.8015625 0.55 0.0234375 0.044444444444444446
17 0.609375 0.20833333333333334 0.0265625 0.04722222222222222
9 0.4296875 0.44722222222222224 0.0265625 0.05277777777777778
20 0.1609375 0.48333333333333334 0.0234375 0.044444444444444446