0 0.05625 0.12222222222222222 0.0296875 0.06111111111111111
1 0.484375 0.030555555555555555 0.034375 0.05277777777777778
2 0.9078125 0.125 0.034375 0.06111111111111111
3 0.065625 0.8805555555555555 0.025 0.058333333333333334
4 0.484375 0.9722222222222222 0.0375 0.05555555555555555
5 0.9 0.8916666666666667 0.034375 0.058333333333333334
6 0.2671875 0.42777777777777776 0.0234375 0.04722222222222222
14 0.146875 0.24166666666666667 0.025 0.04722222222222222
17 0.665625 0.7083333333333334 0.0265625 0.044444444444444446
20 0.2734375 0.12777777777777777 0.0265625 0.044444444444444446
8 0.7140625 0.4027777777777778 0.0234375 0.044444444444444446