0 0.0484375 0.1388888888888889 0.0296875 0.06111111111111111
1 0.475 0.03611111111111111 0.0359375 0.06111111111111111
2 0.9 0.13055555555555556 0.03125 0.06111111111111111
3 0.059375 0.8944444444444445 0.028125 0.06666666666666667
4 0.4796875 0.975 0.034375 0.05
5 0.89375 0.8916666666666667 0.03125 0.05555555555555555
20 0.45 0.23055555555555557 0.0265625 0.03888888888888889
18 0.859375 0.25277777777777777 0.0203125 0.03611111111111111
14 0.8484375 0.38333333333333336 0.0234375 0.041666666666666664
7 0.74375 0.6472222222222223 0.0234375 0.041666666666666664
13 0.7953125 0.6777777777777778 0.0265625 0.041666666666666664
21 0.5640625 0.8583333333333333 0.0265625 0.044444444444444446
6 0.40625 0.8444444444444444 0.028125 0.044444444444444446
10 0.2703125 0.9194444444444444 0.0265625 0.041666666666666664
12 0.70625 0.8777777777777778 0.025 0.044444444444444446
11 0.7328125 0.8805555555555555 0.025 0.03611111111111111
3 0.778125 0.8388888888888889 0.025 0.03611111111111111
9 0.796875 0.8888888888888888 0.0203125 0.044444444444444446
4 0.8421875 0.8388888888888889 0.0203125 0.03888888888888889
15 0.8640625 0.8611111111111112 0.021875 0.044444444444444446