0 0.059375 0.12222222222222222 0.03125 0.06111111111111111
1 0.4859375 0.03333333333333333 0.0328125 0.06111111111111111
2 0.9125 0.12777777777777777 0.0328125 0.05555555555555555
3 0.065625 0.8805555555555555 0.0328125 0.058333333333333334
4 0.4828125 0.9722222222222222 0.040625 0.05555555555555555
5 0.8984375 0.8916666666666667 0.03125 0.058333333333333334
6 0.3671875 0.16111111111111112 0.025 0.044444444444444446
14 0.2875 0.8527777777777777 0.025 0.041666666666666664
17 0.59375 0.09166666666666666 0.0265625 0.044444444444444446
20 0.4765625 0.3888888888888889 0.025 0.041666666666666664
8 0.715625 0.7972222222222223 0.0234375 0.044444444444444446
10 0.103125 0.7416666666666667 0.01875 0.03888888888888889