0 0.05 0.1388888888888889 0.034375 0.075
1 0.475 0.03611111111111111 0.0421875 0.06944444444444445
2 0.8984375 0.125 0.034375 0.075
3 0.059375 0.8972222222222223 0.0359375 0.07222222222222222
4 0.4796875 0.9722222222222222 0.0375 0.05277777777777778
5 0.8953125 0.8888888888888888 0.0359375 0.07222222222222222
20 0.325 0.9055555555555556 0.0265625 0.044444444444444446
6 0.859375 0.6555555555555556 0.021875 0.044444444444444446
9 0.5515625 0.8416666666666667 0.0265625 0.044444444444444446
15 0.3453125 0.7805555555555556 0.0265625 0.044444444444444446
19 0.0890625 0.5888888888888889 0.021875 0.03888888888888889
17 0.1328125 0.6833333333333333 0.025 0.044444444444444446
7 0.3609375 0.46944444444444444 0.0265625 0.05
12 0.4109375 0.33611111111111114 0.028125 0.05
8 0.3421875 0.2 0.025 0.04722222222222222