1 0.475 0.03611111111111111 0.040625 0.07222222222222222
2 0.9015625 0.11944444444444445 0.0359375 0.07777777777777778
3 0.0609375 0.8944444444444445 0.03125 0.06666666666666667
4 0.478125 0.9722222222222222 0.0375 0.05555555555555555
5 0.896875 0.8888888888888888 0.034375 0.06944444444444445
20 0.7640625 0.20833333333333334 0.0234375 0.041666666666666664
6 0.234375 0.17222222222222222 0.0234375 0.044444444444444446
9 0.8171875 0.175 0.021875 0.03888888888888889
8 0.68125 0.5583333333333333 0.025 0.044444444444444446
10 0.7859375 0.1361111111111111 0.0234375 0.04722222222222222
0 0.0515625 0.1361111111111111 0.0328125 0.06388888888888888
7 0.8265625 0.8111111111111111 0.021875 0.044444444444444446
16 0.878125 0.7194444444444444 0.021875 0.03888888888888889
17 0.215625 0.39444444444444443 0.0234375 0.044444444444444446
18 0.834375 0.16111111111111112 0.0203125 0.03333333333333333
21 0.790625 0.19444444444444445 0.01875 0.03888888888888889
11 0.55 0.5805555555555556 0.0265625 0.04722222222222222
12 0.496875 0.12222222222222222 0.0265625 0.044444444444444446
13 0.896875 0.29444444444444445 0.0203125 0.041666666666666664