0 0.046875 0.1388888888888889 0.0296875 0.05555555555555555
1 0.4765625 0.03888888888888889 0.0421875 0.075
2 0.9 0.125 0.034375 0.06944444444444445
3 0.0609375 0.8944444444444445 0.0296875 0.06388888888888888
4 0.478125 0.9722222222222222 0.0390625 0.05555555555555555
5 0.89375 0.8888888888888888 0.03125 0.06666666666666667
12 0.128125 0.8138888888888889 0.0203125 0.041666666666666664
7 0.140625 0.75 0.0203125 0.041666666666666664
14 0.3765625 0.8111111111111111 0.0234375 0.044444444444444446
15 0.209375 0.6861111111111111 0.0203125 0.041666666666666664
16 0.1109375 0.8222222222222222 0.01875 0.03888888888888889
17 0.075 0.6583333333333333 0.0203125 0.03888888888888889
18 0.328125 0.8138888888888889 0.025 0.041666666666666664
19 0.8546875 0.6583333333333333 0.0203125 0.041666666666666664
20 0.325 0.9027777777777778 0.0234375 0.03888888888888889
21 0.78125 0.6833333333333333 0.0234375 0.041666666666666664
8 0.5109375 0.5333333333333333 0.025 0.044444444444444446
9 0.55 0.8388888888888889 0.0234375 0.044444444444444446
10 0.29375 0.5583333333333333 0.025 0.044444444444444446
13 0.6609375 0.8277777777777777 0.0234375 0.044444444444444446