0 0.05 0.14166666666666666 0.034375 0.06111111111111111
1 0.47578125 0.03333333333333333 0.0359375 0.06666666666666667
2 0.8984375 0.12777777777777777 0.0328125 0.06388888888888888
3 0.059375 0.9 0.0328125 0.06388888888888888
4 0.4765625 0.9722222222222222 0.0359375 0.05277777777777778
5 0.89375 0.8888888888888888 0.03125 0.06666666666666667
10 0.071875 0.7888888888888889 0.0203125 0.03888888888888889
17 0.1328125 0.6861111111111111 0.0203125 0.041666666666666664
15 0.3453125 0.7805555555555556 0.0265625 0.03888888888888889
20 0.325 0.9055555555555556 0.028125 0.041666666666666664
14 0.384375 0.625 0.025 0.04722222222222222
8 0.3484375 0.46111111111111114 0.028125 0.04722222222222222
12 0.4125 0.33611111111111114 0.0296875 0.044444444444444446
19 0.6140625 0.19722222222222222 0.0265625 0.041666666666666664
7 0.471875 0.6555555555555556 0.0265625 0.05277777777777778
9 0.55 0.8416666666666667 0.028125 0.03888888888888889
6 0.859375 0.6527777777777778 0.021875 0.044444444444444446