0 0.0578125 0.12777777777777777 0.0265625 0.06111111111111111
1 0.4859375 0.030555555555555555 0.0359375 0.058333333333333334
2 0.9078125 0.125 0.0328125 0.06111111111111111
3 0.0640625 0.8805555555555555 0.0265625 0.058333333333333334
4 0.4828125 0.9722222222222222 0.0328125 0.05555555555555555
5 0.9 0.8916666666666667 0.03125 0.058333333333333334
6 0.6421875 0.1 0.025 0.044444444444444446
14 0.146875 0.2388888888888889 0.0234375 0.041666666666666664
17 0.8859375 0.6583333333333333 0.01875 0.041666666666666664
20 0.4875 0.13333333333333333 0.0265625 0.041666666666666664
8 0.8859375 0.8416666666666667 0.0203125 0.044444444444444446
10 0.3546875 0.4027777777777778 0.025 0.04722222222222222