0 0.046875 0.1388888888888889 0.0375 0.06111111111111111
1 0.4765625 0.03333333333333333 0.0390625 0.06666666666666667
2 0.9015625 0.12777777777777777 0.0328125 0.05555555555555555
3 0.059375 0.8972222222222223 0.0296875 0.05555555555555555
4 0.4796875 0.9722222222222222 0.034375 0.05555555555555555
5 0.896875 0.8861111111111111 0.034375 0.06111111111111111
6 0.409375 0.5694444444444444 0.025 0.044444444444444446
13 0.1125 0.5 0.0234375 0.03888888888888889
7 0.109375 0.45555555555555555 0.01875 0.041666666666666664
14 0.375 0.8138888888888889 0.025 0.041666666666666664
15 0.1484375 0.7944444444444444 0.021875 0.041666666666666664
16 0.11875 0.7694444444444445 0.021875 0.041666666666666664
17 0.075 0.6583333333333333 0.0203125 0.03888888888888889
18 0.315625 0.6111111111111112 0.025 0.044444444444444446
19 0.853125 0.6583333333333333 0.0203125 0.03611111111111111
20 0.2265625 0.8527777777777777 0.021875 0.041666666666666664
21 0.78125 0.6805555555555556 0.021875 0.03888888888888889
8 0.0828125 0.4361111111111111 0.0203125 0.03888888888888889
9 0.55 0.8305555555555556 0.025 0.041666666666666664
10 0.29375 0.5583333333333333 0.0234375 0.044444444444444446
11 0.3625 0.525 0.025 0.04722222222222222
12 0.459375 0.7472222222222222 0.0265625 0.041666666666666664