0 0.0484375 0.1388888888888889 0.0421875 0.08055555555555556
1 0.4765625 0.03611111111111111 0.0359375 0.06388888888888888
2 0.9 0.11944444444444445 0.0359375 0.08333333333333333
3 0.059375 0.9 0.0375 0.08055555555555556
4 0.478125 0.9694444444444444 0.040625 0.058333333333333334
5 0.896875 0.8916666666666667 0.0421875 0.075
6 0.2953125 0.65 0.025 0.04722222222222222
10 0.109375 0.8722222222222222 0.01875 0.03611111111111111
7 0.1265625 0.8361111111111111 0.0234375 0.041666666666666664
20 0.228125 0.725 0.0234375 0.044444444444444446
17 0.1328125 0.6861111111111111 0.021875 0.041666666666666664
14 0.3296875 0.4222222222222222 0.028125 0.05
19 0.6171875 0.15555555555555556 0.025 0.05
15 0.14375 0.31666666666666665 0.0234375 0.044444444444444446
8 0.2828125 0.10555555555555556 0.025 0.04722222222222222
9 0.55 0.8416666666666667 0.025 0.041666666666666664