0 0.046875 0.1388888888888889 0.03125 0.058333333333333334
1 0.475 0.03611111111111111 0.0359375 0.06666666666666667
2 0.9015625 0.125 0.034375 0.05555555555555555
3 0.059375 0.8944444444444445 0.0328125 0.06111111111111111
4 0.478125 0.9722222222222222 0.040625 0.05277777777777778
5 0.89375 0.8888888888888888 0.0296875 0.06666666666666667
6 0.8875 0.8222222222222222 0.0203125 0.03333333333333333
14 0.759375 0.2777777777777778 0.0234375 0.041666666666666664
15 0.8875 0.30833333333333335 0.0234375 0.03888888888888889
16 0.828125 0.16111111111111112 0.0203125 0.03888888888888889
18 0.4375 0.23055555555555557 0.028125 0.044444444444444446
19 0.8015625 0.15 0.0203125 0.03888888888888889
20 0.6 0.8972222222222223 0.025 0.041666666666666664
21 0.2296875 0.15833333333333333 0.025 0.044444444444444446
9 0.6203125 0.475 0.0265625 0.041666666666666664
10 0.825 0.8055555555555556 0.021875 0.03888888888888889
11 0.5609375 0.3 0.025 0.044444444444444446
12 0.6078125 0.33611111111111114 0.0265625 0.05
13 0.85 0.24444444444444444 0.01875 0.03611111111111111
7 0.834375 0.8333333333333334 0.01875 0.03611111111111111
8 0.275 0.38055555555555554 0.0234375 0.044444444444444446
17 0.553125 0.5194444444444445 0.0234375 0.044444444444444446