0 0.05625 0.12222222222222222 0.028125 0.05555555555555555
1 0.4875 0.03333333333333333 0.0359375 0.05
2 0.9109375 0.12777777777777777 0.0328125 0.05555555555555555
3 0.065625 0.875 0.03125 0.06944444444444445
4 0.48125 0.9666666666666667 0.0375 0.06388888888888888
5 0.9015625 0.8888888888888888 0.0328125 0.06388888888888888
6 0.1796875 0.33055555555555555 0.021875 0.044444444444444446
14 0.1453125 0.2388888888888889 0.021875 0.03611111111111111
17 0.80625 0.3333333333333333 0.021875 0.04722222222222222
20 0.215625 0.21944444444444444 0.025 0.044444444444444446
8 0.71875 0.4111111111111111 0.025 0.044444444444444446