0 0.059375 0.12777777777777777 0.034375 0.058333333333333334
1 0.4859375 0.030555555555555555 0.034375 0.058333333333333334
2 0.9140625 0.1361111111111111 0.0328125 0.05277777777777778
3 0.065625 0.8861111111111111 0.03125 0.06111111111111111
4 0.484375 0.9722222222222222 0.0375 0.05555555555555555
5 0.9 0.8944444444444445 0.028125 0.06388888888888888
6 0.196875 0.11666666666666667 0.0203125 0.041666666666666664
14 0.275 0.8277777777777777 0.0234375 0.041666666666666664
17 0.5078125 0.36666666666666664 0.025 0.044444444444444446
20 0.20625 0.6444444444444445 0.021875 0.041666666666666664
8 0.715625 0.7972222222222223 0.021875 0.03888888888888889
10 0.0640625 0.3638888888888889 0.0203125 0.03611111111111111
11 0.0984375 0.25555555555555554 0.0203125 0.03333333333333333