0 0.046875 0.1388888888888889 0.03125 0.058333333333333334
1 0.475 0.03611111111111111 0.0359375 0.06666666666666667
2 0.9015625 0.125 0.034375 0.05555555555555555
3 0.059375 0.8944444444444445 0.0328125 0.06111111111111111
4 0.478125 0.9722222222222222 0.040625 0.05277777777777778
5 0.89375 0.8888888888888888 0.0296875 0.06666666666666667
6 0.8703125 0.8305555555555556 0.0203125 0.03333333333333333
14 0.29375 0.14444444444444443 0.025 0.044444444444444446
15 0.7796875 0.16111111111111112 0.0234375 0.03888888888888889
16 0.390625 0.22777777777777777 0.025 0.044444444444444446
18 0.7625 0.8916666666666667 0.028125 0.044444444444444446
19 0.803125 0.14444444444444443 0.0203125 0.03888888888888889
20 0.059375 0.7111111111111111 0.025 0.041666666666666664
21 0.890625 0.475 0.021875 0.041666666666666664
9 0.7546875 0.7472222222222222 0.0234375 0.03888888888888889
10 0.8875 0.22777777777777777 0.021875 0.041666666666666664
11 0.85625 0.7611111111111111 0.0234375 0.041666666666666664
13 0.69375 0.1111111111111111 0.0234375 0.041666666666666664
7 0.325 0.7694444444444445 0.025 0.044444444444444446
17 0.8625 0.7861111111111111 0.0203125 0.03611111111111111
12 0.821875 0.175 0.021875 0.03611111111111111
8 0.5140625 0.6194444444444445 0.025 0.044444444444444446