0 0.0484375 0.1388888888888889 0.028125 0.05555555555555555
1 0.475 0.03611111111111111 0.034375 0.06388888888888888
2 0.896875 0.125 0.034375 0.06111111111111111
3 0.059375 0.8944444444444445 0.0359375 0.06388888888888888
4 0.478125 0.975 0.0359375 0.05
5 0.8953125 0.8888888888888888 0.0328125 0.058333333333333334
6 0.4359375 0.8444444444444444 0.025 0.041666666666666664
13 0.8625 0.4361111111111111 0.021875 0.03611111111111111
7 0.890625 0.43333333333333335 0.0203125 0.03611111111111111
14 0.4359375 0.5194444444444445 0.0265625 0.044444444444444446
10 0.13125 0.8444444444444444 0.0234375 0.03888888888888889
15 0.1671875 0.7888888888888889 0.0234375 0.044444444444444446
16 0.303125 0.25555555555555554 0.025 0.044444444444444446
17 0.48125 0.21944444444444444 0.025 0.044444444444444446
19 0.64375 0.49166666666666664 0.025 0.044444444444444446
20 0.325 0.9055555555555556 0.021875 0.041666666666666664
8 0.78125 0.33055555555555555 0.021875 0.041666666666666664
9 0.55 0.8388888888888889 0.025 0.041666666666666664
12 0.065625 0.4444444444444444 0.0234375 0.044444444444444446