0 0.05 0.14166666666666666 0.0328125 0.058333333333333334
1 0.475 0.03611111111111111 0.034375 0.06111111111111111
2 0.8953125 0.125 0.03125 0.06666666666666667
3 0.0578125 0.8972222222222223 0.034375 0.06944444444444445
4 0.478125 0.9722222222222222 0.0390625 0.05555555555555555
5 0.896875 0.8916666666666667 0.0328125 0.07222222222222222
20 0.45 0.23055555555555557 0.0234375 0.041666666666666664
10 0.2703125 0.9166666666666666 0.025 0.041666666666666664
6 0.40625 0.8444444444444444 0.0265625 0.03611111111111111
16 0.496875 0.7916666666666666 0.0265625 0.044444444444444446
18 0.8609375 0.25277777777777777 0.025 0.03333333333333333
14 0.85 0.38333333333333336 0.0234375 0.044444444444444446
7 0.7421875 0.6527777777777778 0.0265625 0.03888888888888889
13 0.790625 0.6777777777777778 0.0234375 0.044444444444444446
12 0.7046875 0.8777777777777778 0.025 0.041666666666666664
11 0.7171875 0.9055555555555556 0.0234375 0.041666666666666664
17 0.73125 0.8444444444444444 0.025 0.04722222222222222
9 0.7921875 0.8916666666666667 0.021875 0.03611111111111111
15 0.815625 0.8722222222222222 0.0203125 0.044444444444444446
21 0.565625 0.8583333333333333 0.028125 0.044444444444444446
8 0.5984375 0.7166666666666667 0.0265625 0.044444444444444446