0 0.05625 0.125 0.0265625 0.05555555555555555
1 0.4859375 0.030555555555555555 0.034375 0.06111111111111111
2 0.909375 0.12222222222222222 0.025 0.05555555555555555
3 0.0640625 0.8805555555555555 0.0265625 0.05555555555555555
4 0.4828125 0.975 0.034375 0.05
5 0.9 0.8916666666666667 0.0296875 0.06111111111111111
6 0.3546875 0.825 0.025 0.04722222222222222
14 0.2859375 0.8555555555555555 0.0234375 0.03888888888888889
17 0.6421875 0.21388888888888888 0.025 0.041666666666666664
20 0.4671875 0.33055555555555555 0.025 0.04722222222222222
8 0.696875 0.38333333333333336 0.0234375 0.041666666666666664
10 0.353125 0.4027777777777778 0.025 0.044444444444444446