0 0.0546875 0.12222222222222222 0.025 0.05
1 0.4859375 0.030555555555555555 0.034375 0.05555555555555555
2 0.9125 0.12777777777777777 0.0265625 0.05555555555555555
3 0.0640625 0.875 0.0265625 0.06388888888888888
4 0.4828125 0.9722222222222222 0.0359375 0.05555555555555555
5 0.9 0.8916666666666667 0.0328125 0.058333333333333334
6 0.496875 0.41944444444444445 0.025 0.044444444444444446
14 0.146875 0.24166666666666667 0.0234375 0.041666666666666664
17 0.7703125 0.5638888888888889 0.025 0.041666666666666664
20 0.2171875 0.21944444444444444 0.0265625 0.041666666666666664
8 0.7171875 0.4111111111111111 0.028125 0.041666666666666664