0 0.05625 0.125 0.028125 0.06111111111111111
1 0.4859375 0.03333333333333333 0.0375 0.05555555555555555
2 0.909375 0.125 0.028125 0.05555555555555555
3 0.065625 0.8805555555555555 0.0296875 0.06388888888888888
4 0.484375 0.9722222222222222 0.0359375 0.05555555555555555
5 0.8984375 0.8888888888888888 0.03125 0.06111111111111111
6 0.765625 0.65 0.0234375 0.044444444444444446
14 0.2875 0.8555555555555555 0.0265625 0.041666666666666664
17 0.6421875 0.2111111111111111 0.0234375 0.044444444444444446
20 0.46875 0.33055555555555555 0.0265625 0.04722222222222222
8 0.715625 0.7944444444444444 0.025 0.044444444444444446
10 0.353125 0.40555555555555556 0.025 0.05