0 0.046875 0.1388888888888889 0.025 0.05277777777777778
1 0.475 0.03611111111111111 0.040625 0.06111111111111111
2 0.9 0.12777777777777777 0.0390625 0.058333333333333334
3 0.0578125 0.8944444444444445 0.0296875 0.05555555555555555
4 0.478125 0.9722222222222222 0.0375 0.05555555555555555
5 0.89375 0.8861111111111111 0.034375 0.06388888888888888
6 0.4359375 0.8444444444444444 0.0265625 0.041666666666666664
7 0.24375 0.41388888888888886 0.025 0.041666666666666664
14 0.434375 0.5194444444444445 0.0234375 0.044444444444444446
15 0.303125 0.8416666666666667 0.025 0.041666666666666664
16 0.4234375 0.08888888888888889 0.025 0.04722222222222222
17 0.190625 0.8777777777777778 0.0234375 0.03888888888888889
19 0.4359375 0.2222222222222222 0.021875 0.044444444444444446
20 0.325 0.9083333333333333 0.0234375 0.041666666666666664
8 0.1234375 0.21666666666666667 0.0203125 0.03611111111111111
9 0.55 0.8388888888888889 0.025 0.03888888888888889
10 0.115625 0.8194444444444444 0.021875 0.03888888888888889
12 0.1453125 0.8111111111111111 0.0234375 0.041666666666666664
13 0.5953125 0.14444444444444443 0.0203125 0.044444444444444446