0 0.0515625 0.1388888888888889 0.0296875 0.06388888888888888
1 0.475 0.03333333333333333 0.0390625 0.06388888888888888
2 0.9 0.12777777777777777 0.0296875 0.06666666666666667
3 0.0609375 0.8972222222222223 0.0328125 0.075
4 0.4796875 0.9722222222222222 0.0328125 0.05277777777777778
5 0.896875 0.8888888888888888 0.034375 0.06666666666666667
6 0.859375 0.6527777777777778 0.0203125 0.041666666666666664
20 0.325 0.9055555555555556 0.0234375 0.044444444444444446
15 0.346875 0.7777777777777778 0.025 0.04722222222222222
9 0.55 0.8388888888888889 0.025 0.04722222222222222
10 0.071875 0.7888888888888889 0.021875 0.03888888888888889
17 0.134375 0.6944444444444444 0.0234375 0.041666666666666664
7 0.359375 0.46944444444444444 0.0265625 0.05
14 0.4359375 0.5194444444444445 0.025 0.05277777777777778
12 0.4109375 0.33611111111111114 0.0265625 0.05
8 0.33125 0.17777777777777778 0.0234375 0.044444444444444446
19 0.0640625 0.5944444444444444 0.0234375 0.03888888888888889