0 0.046875 0.1388888888888889 0.0296875 0.058333333333333334
1 0.4765625 0.03611111111111111 0.0375 0.06111111111111111
2 0.9015625 0.12777777777777777 0.0328125 0.06944444444444445
3 0.059375 0.8916666666666667 0.03125 0.058333333333333334
4 0.4796875 0.9722222222222222 0.0359375 0.05555555555555555
5 0.8953125 0.8861111111111111 0.03125 0.058333333333333334
6 0.8796875 0.6722222222222223 0.0171875 0.03611111111111111
7 0.359375 0.46944444444444444 0.0234375 0.044444444444444446
14 0.434375 0.5222222222222223 0.0265625 0.04722222222222222
15 0.3453125 0.7805555555555556 0.0234375 0.041666666666666664
16 0.215625 0.6666666666666666 0.021875 0.041666666666666664
17 0.19375 0.8888888888888888 0.021875 0.041666666666666664
19 0.378125 0.31666666666666665 0.0234375 0.041666666666666664
20 0.3234375 0.9055555555555556 0.021875 0.03888888888888889
8 0.5453125 0.5111111111111111 0.0234375 0.04722222222222222
9 0.55 0.8416666666666667 0.025 0.041666666666666664
10 0.0703125 0.7916666666666666 0.021875 0.03611111111111111
12 0.4 0.14444444444444443 0.025 0.044444444444444446
13 0.59375 0.14444444444444443 0.021875 0.041666666666666664