0 0.0484375 0.1388888888888889 0.03125 0.058333333333333334
1 0.4765625 0.03611111111111111 0.0390625 0.06944444444444445
3 0.0625 0.8944444444444445 0.028125 0.06111111111111111
4 0.4796875 0.9722222222222222 0.0328125 0.05555555555555555
5 0.896875 0.8888888888888888 0.0328125 0.05277777777777778
6 0.4359375 0.8472222222222222 0.0265625 0.041666666666666664
7 0.8921875 0.43333333333333335 0.01875 0.03888888888888889
14 0.434375 0.5194444444444445 0.025 0.044444444444444446
15 0.165625 0.7888888888888889 0.0203125 0.03888888888888889
16 0.425 0.08888888888888889 0.025 0.041666666666666664
17 0.6390625 0.4583333333333333 0.025 0.044444444444444446
19 0.6515625 0.5277777777777778 0.025 0.04722222222222222
20 0.325 0.9055555555555556 0.021875 0.041666666666666664
8 0.0984375 0.32222222222222224 0.021875 0.044444444444444446
9 0.55 0.8388888888888889 0.025 0.044444444444444446
10 0.115625 0.8166666666666667 0.0203125 0.03888888888888889
12 0.109375 0.6638888888888889 0.0234375 0.03888888888888889
13 0.66875 0.22777777777777777 0.0234375 0.041666666666666664