0 0.0484375 0.1388888888888889 0.0328125 0.06111111111111111
1 0.475 0.03611111111111111 0.0390625 0.07222222222222222
2 0.9 0.12777777777777777 0.0359375 0.06666666666666667
3 0.0625 0.8916666666666667 0.0328125 0.06944444444444445
4 0.4796875 0.9694444444444444 0.0375 0.058333333333333334
5 0.896875 0.8916666666666667 0.034375 0.06111111111111111
6 0.409375 0.5722222222222222 0.0265625 0.044444444444444446
7 0.7296875 0.5305555555555556 0.0234375 0.041666666666666664
14 0.3765625 0.8111111111111111 0.025 0.044444444444444446
15 0.1484375 0.7944444444444444 0.0203125 0.03888888888888889
16 0.1171875 0.7694444444444445 0.021875 0.041666666666666664
17 0.075 0.6555555555555556 0.01875 0.03888888888888889
18 0.31875 0.6083333333333333 0.0265625 0.04722222222222222
19 0.853125 0.6611111111111111 0.0234375 0.03888888888888889
20 0.2265625 0.8527777777777777 0.0234375 0.044444444444444446
21 0.58125 0.7166666666666667 0.025 0.04722222222222222
8 0.1 0.4388888888888889 0.021875 0.03611111111111111
9 0.55 0.8277777777777777 0.021875 0.03888888888888889
10 0.29375 0.5583333333333333 0.025 0.04722222222222222
11 0.3625 0.525 0.025 0.04722222222222222
12 0.7453125 0.7027777777777777 0.0234375 0.041666666666666664
13 0.1140625 0.4861111111111111 0.021875 0.041666666666666664