0 0.05 0.1388888888888889 0.040625 0.075
1 0.475 0.03611111111111111 0.0359375 0.07222222222222222
2 0.9 0.12222222222222222 0.040625 0.075
3 0.059375 0.9 0.040625 0.08333333333333333
4 0.478125 0.9722222222222222 0.0390625 0.05277777777777778
5 0.8953125 0.8888888888888888 0.0390625 0.075
20 0.228125 0.725 0.025 0.04722222222222222
10 0.1078125 0.8722222222222222 0.0234375 0.044444444444444446
9 0.55 0.8416666666666667 0.025 0.04722222222222222
7 0.1265625 0.8361111111111111 0.0265625 0.04722222222222222
17 0.1328125 0.6833333333333333 0.025 0.044444444444444446
15 0.14375 0.3138888888888889 0.025 0.041666666666666664
14 0.1421875 0.38055555555555554 0.021875 0.041666666666666664
8 0.2828125 0.10555555555555556 0.0265625 0.044444444444444446
6 0.4375 0.11666666666666667 0.0265625 0.04722222222222222
19 0.61875 0.15555555555555556 0.0265625 0.05