1 0.4765625 0.03333333333333333 0.040625 0.06666666666666667
2 0.9 0.12222222222222222 0.0359375 0.06111111111111111
3 0.0578125 0.8944444444444445 0.0328125 0.06944444444444445
4 0.478125 0.9722222222222222 0.040625 0.05277777777777778
5 0.89375 0.8861111111111111 0.0328125 0.06388888888888888
14 0.640625 0.3638888888888889 0.025 0.041666666666666664
20 0.36875 0.49166666666666664 0.0234375 0.041666666666666664
8 0.4609375 0.24166666666666667 0.025 0.04722222222222222
9 0.8890625 0.525 0.0203125 0.041666666666666664
10 0.875 0.5416666666666666 0.0203125 0.041666666666666664
6 0.165625 0.7305555555555555 0.025 0.044444444444444446
0 0.05 0.1388888888888889 0.03125 0.06111111111111111