0 0.0484375 0.1388888888888889 0.0296875 0.05555555555555555
1 0.475 0.03333333333333333 0.0359375 0.06111111111111111
2 0.9015625 0.12222222222222222 0.0328125 0.058333333333333334
3 0.0578125 0.8916666666666667 0.0375 0.06111111111111111
4 0.478125 0.9722222222222222 0.034375 0.05277777777777778
5 0.8953125 0.8888888888888888 0.0296875 0.06111111111111111
6 0.3875 0.575 0.025 0.04722222222222222
7 0.2 0.4888888888888889 0.021875 0.044444444444444446
14 0.378125 0.8111111111111111 0.025 0.04722222222222222
17 0.09375 0.7611111111111111 0.0203125 0.03611111111111111
16 0.1171875 0.7694444444444445 0.01875 0.03888888888888889
15 0.146875 0.7777777777777778 0.021875 0.03888888888888889
18 0.284375 0.4361111111111111 0.025 0.041666666666666664
19 0.8546875 0.6583333333333333 0.0203125 0.041666666666666664
20 0.2265625 0.8527777777777777 0.025 0.03888888888888889
21 0.196875 0.5805555555555556 0.0234375 0.041666666666666664
8 0.0984375 0.44166666666666665 0.0203125 0.041666666666666664
9 0.5484375 0.8305555555555556 0.025 0.041666666666666664
10 0.2953125 0.5583333333333333 0.0265625 0.044444444444444446
11 0.3375 0.6694444444444444 0.0265625 0.044444444444444446
12 0.7046875 0.6111111111111112 0.0265625 0.044444444444444446
13 0.08125 0.6666666666666666 0.021875 0.03611111111111111