0 0.0578125 0.125 0.028125 0.06111111111111111
1 0.4875 0.030555555555555555 0.0390625 0.05555555555555555
2 0.909375 0.12777777777777777 0.03125 0.05
3 0.0625 0.8777777777777778 0.028125 0.058333333333333334
4 0.4828125 0.9722222222222222 0.0390625 0.05555555555555555
5 0.9 0.8916666666666667 0.03125 0.06388888888888888
6 0.44375 0.07777777777777778 0.025 0.044444444444444446
14 0.1203125 0.3277777777777778 0.025 0.044444444444444446
17 0.6421875 0.09166666666666666 0.0234375 0.03888888888888889
20 0.46875 0.33055555555555555 0.028125 0.044444444444444446
8 0.625 0.21388888888888888 0.025 0.044444444444444446
10 0.353125 0.4027777777777778 0.025 0.04722222222222222