0 0.05 0.1388888888888889 0.028125 0.06111111111111111
1 0.4765625 0.03611111111111111 0.0375 0.06944444444444445
2 0.9 0.12222222222222222 0.0328125 0.058333333333333334
3 0.059375 0.8944444444444445 0.028125 0.06388888888888888
4 0.478125 0.9722222222222222 0.0359375 0.05277777777777778
5 0.8953125 0.8888888888888888 0.0328125 0.06111111111111111
6 0.25 0.9 0.021875 0.03888888888888889
7 0.6828125 0.7777777777777778 0.0234375 0.044444444444444446
14 0.603125 0.7 0.0234375 0.041666666666666664
15 0.06875 0.7666666666666667 0.021875 0.03888888888888889
17 0.5546875 0.36666666666666664 0.0234375 0.04722222222222222
18 0.215625 0.3888888888888889 0.025 0.041666666666666664
19 0.8546875 0.6611111111111111 0.0203125 0.03888888888888889
20 0.2265625 0.8472222222222222 0.025 0.041666666666666664
13 0.2390625 0.7333333333333333 0.025 0.044444444444444446
21 0.2375 0.6722222222222223 0.025 0.044444444444444446
8 0.0578125 0.6722222222222223 0.0203125 0.041666666666666664
9 0.796875 0.7583333333333333 0.0234375 0.041666666666666664
10 0.41875 0.16666666666666666 0.028125 0.041666666666666664
11 0.3375 0.6694444444444444 0.0234375 0.04722222222222222
12 0.846875 0.8444444444444444 0.0203125 0.044444444444444446