0 0.05 0.1388888888888889 0.040625 0.06944444444444445
1 0.475 0.03611111111111111 0.040625 0.07222222222222222
2 0.9015625 0.11944444444444445 0.0359375 0.07777777777777778
3 0.0609375 0.8944444444444445 0.03125 0.06666666666666667
4 0.4796875 0.9722222222222222 0.040625 0.05555555555555555
5 0.896875 0.8888888888888888 0.034375 0.06944444444444445
20 0.88125 0.6138888888888889 0.0234375 0.041666666666666664
6 0.803125 0.8166666666666667 0.021875 0.041666666666666664
7 0.821875 0.8222222222222222 0.0203125 0.03888888888888889
10 0.85 0.5694444444444444 0.0234375 0.041666666666666664
9 0.8828125 0.7555555555555555 0.01875 0.03333333333333333
19 0.7140625 0.2111111111111111 0.025 0.044444444444444446
14 0.090625 0.35833333333333334 0.0234375 0.041666666666666664
8 0.0671875 0.8305555555555556 0.0203125 0.03888888888888889