0 0.05 0.1388888888888889 0.040625 0.075
1 0.475 0.03611111111111111 0.0359375 0.07222222222222222
2 0.9 0.12222222222222222 0.040625 0.075
3 0.059375 0.9 0.040625 0.08333333333333333
4 0.478125 0.9722222222222222 0.0390625 0.05277777777777778
5 0.8953125 0.8888888888888888 0.0390625 0.075
6 0.2625 0.4888888888888889 0.025 0.04722222222222222
20 0.15625 0.55 0.025 0.04722222222222222
10 0.1390625 0.8222222222222222 0.0234375 0.044444444444444446
9 0.55 0.8416666666666667 0.025 0.04722222222222222
8 0.4828125 0.6944444444444444 0.0265625 0.05
7 0.5875 0.32222222222222224 0.0265625 0.04722222222222222
14 0.5125 0.30833333333333335 0.028125 0.05
19 0.70625 0.5861111111111111 0.025 0.04722222222222222
17 0.7203125 0.8722222222222222 0.025 0.044444444444444446
15 0.88125 0.7944444444444444 0.0265625 0.04722222222222222