1 0.475 0.03611111111111111 0.040625 0.07222222222222222
2 0.9015625 0.11944444444444445 0.0359375 0.07777777777777778
3 0.0609375 0.8944444444444445 0.03125 0.06666666666666667
4 0.478125 0.9722222222222222 0.0375 0.05555555555555555
5 0.896875 0.8888888888888888 0.034375 0.06944444444444445
20 0.7640625 0.20833333333333334 0.0234375 0.041666666666666664
6 0.271875 0.23333333333333334 0.0234375 0.044444444444444446
9 0.7921875 0.1527777777777778 0.0234375 0.041666666666666664
8 0.6359375 0.46111111111111114 0.025 0.044444444444444446
10 0.6171875 0.15555555555555556 0.0234375 0.04722222222222222
0 0.0515625 0.1361111111111111 0.0328125 0.06388888888888888
7 0.821875 0.43333333333333335 0.021875 0.044444444444444446
16 0.8453125 0.8611111111111112 0.021875 0.03888888888888889
17 0.215625 0.39444444444444443 0.0234375 0.044444444444444446
18 0.8265625 0.16111111111111112 0.0234375 0.041666666666666664
21 0.803125 0.3611111111111111 0.025 0.044444444444444446
11 0.540625 0.55 0.0265625 0.04722222222222222
12 0.259375 0.11944444444444445 0.0265625 0.044444444444444446
13 0.86875 0.5611111111111111 0.0203125 0.03888888888888889