1 0.475 0.03611111111111111 0.040625 0.07222222222222222
2 0.9015625 0.11944444444444445 0.0359375 0.07777777777777778
3 0.0609375 0.8944444444444445 0.03125 0.06666666666666667
4 0.478125 0.9722222222222222 0.0375 0.05555555555555555
5 0.896875 0.8888888888888888 0.034375 0.06944444444444445
20 0.7328125 0.2222222222222222 0.0234375 0.041666666666666664
6 0.271875 0.23333333333333334 0.0234375 0.044444444444444446
9 0.7890625 0.14722222222222223 0.0234375 0.041666666666666664
8 0.546875 0.3055555555555556 0.025 0.044444444444444446
0 0.0515625 0.1361111111111111 0.0328125 0.06388888888888888
7 0.8078125 0.4 0.021875 0.044444444444444446
16 0.7890625 0.5333333333333333 0.0234375 0.044444444444444446
17 0.215625 0.39444444444444443 0.0234375 0.044444444444444446
18 0.809375 0.15555555555555556 0.0234375 0.041666666666666664
21 0.5578125 0.22777777777777777 0.025 0.044444444444444446
11 0.51875 0.43333333333333335 0.0265625 0.04722222222222222
12 0.259375 0.11944444444444445 0.0265625 0.044444444444444446
13 0.8 0.8694444444444445 0.025 0.044444444444444446