0 0.046875 0.1388888888888889 0.03125 0.06388888888888888
1 0.475 0.03888888888888889 0.04375 0.06944444444444445
2 0.9015625 0.12777777777777777 0.03125 0.058333333333333334
3 0.0578125 0.8916666666666667 0.028125 0.06111111111111111
4 0.4796875 0.9722222222222222 0.0359375 0.05555555555555555
5 0.89375 0.8888888888888888 0.0296875 0.06111111111111111
6 0.859375 0.6555555555555556 0.01875 0.041666666666666664
7 0.359375 0.46944444444444444 0.025 0.04722222222222222
14 0.434375 0.5194444444444445 0.028125 0.05
15 0.34375 0.7805555555555556 0.0265625 0.044444444444444446
16 0.215625 0.6666666666666666 0.025 0.044444444444444446
17 0.1453125 0.6944444444444444 0.021875 0.041666666666666664
19 0.378125 0.31666666666666665 0.0234375 0.041666666666666664
20 0.325 0.9055555555555556 0.0234375 0.041666666666666664
8 0.2671875 0.6666666666666666 0.0265625 0.04722222222222222
9 0.5484375 0.8388888888888889 0.025 0.044444444444444446
10 0.071875 0.7916666666666666 0.0203125 0.03888888888888889
12 0.3984375 0.2111111111111111 0.0234375 0.05