0 0.05 0.1388888888888889 0.0328125 0.058333333333333334
1 0.475 0.03333333333333333 0.0390625 0.06666666666666667
2 0.9 0.12222222222222222 0.0328125 0.06666666666666667
3 0.059375 0.8944444444444445 0.028125 0.06944444444444445
4 0.4796875 0.9722222222222222 0.034375 0.05555555555555555
5 0.8953125 0.8888888888888888 0.034375 0.06388888888888888
6 0.3890625 0.575 0.0234375 0.044444444444444446
7 0.3390625 0.4888888888888889 0.025 0.04722222222222222
14 0.3765625 0.8111111111111111 0.025 0.041666666666666664
16 0.1171875 0.7722222222222223 0.0203125 0.041666666666666664
15 0.146875 0.7777777777777778 0.0203125 0.03888888888888889
17 0.084375 0.8611111111111112 0.01875 0.03611111111111111
18 0.284375 0.8583333333333333 0.0265625 0.04722222222222222
19 0.8546875 0.6583333333333333 0.01875 0.041666666666666664
20 0.2265625 0.8527777777777777 0.0203125 0.044444444444444446
21 0.0609375 0.7166666666666667 0.01875 0.03888888888888889
8 0.1 0.44166666666666665 0.0203125 0.03611111111111111
9 0.55 0.8305555555555556 0.025 0.044444444444444446
10 0.29375 0.5555555555555556 0.0234375 0.044444444444444446
11 0.3390625 0.6694444444444444 0.025 0.044444444444444446
12 0.7046875 0.6111111111111112 0.0265625 0.04722222222222222
13 0.08125 0.6583333333333333 0.01875 0.03888888888888889