0 0.05625 0.125 0.03125 0.05555555555555555
1 0.4859375 0.030555555555555555 0.0390625 0.058333333333333334
2 0.909375 0.12777777777777777 0.0328125 0.05555555555555555
3 0.065625 0.8777777777777778 0.034375 0.058333333333333334
4 0.484375 0.9722222222222222 0.0375 0.05555555555555555
5 0.9015625 0.8861111111111111 0.03125 0.058333333333333334
14 0.246875 0.8055555555555556 0.0234375 0.041666666666666664
17 0.8453125 0.3472222222222222 0.0234375 0.03888888888888889
20 0.2046875 0.6444444444444445 0.0234375 0.041666666666666664
8 0.715625 0.7944444444444444 0.025 0.044444444444444446
10 0.0625 0.3638888888888889 0.0203125 0.03611111111111111
11 0.0984375 0.25555555555555554 0.01875 0.03888888888888889