0 0.046875 0.1388888888888889 0.0296875 0.058333333333333334
1 0.475 0.03888888888888889 0.0375 0.06666666666666667
2 0.903125 0.13055555555555556 0.034375 0.058333333333333334
3 0.0609375 0.8916666666666667 0.03125 0.07222222222222222
4 0.4796875 0.9722222222222222 0.0375 0.05555555555555555
5 0.8953125 0.8888888888888888 0.034375 0.06388888888888888
6 0.434375 0.8444444444444444 0.021875 0.044444444444444446
13 0.8625 0.4361111111111111 0.021875 0.03888888888888889
7 0.8921875 0.43333333333333335 0.0171875 0.03888888888888889
14 0.4359375 0.5194444444444445 0.0265625 0.044444444444444446
15 0.1671875 0.7888888888888889 0.0234375 0.03888888888888889
12 0.059375 0.7027777777777777 0.0234375 0.03611111111111111
16 0.078125 0.6555555555555556 0.021875 0.041666666666666664
17 0.0890625 0.625 0.021875 0.03888888888888889
19 0.6421875 0.49444444444444446 0.0234375 0.044444444444444446
20 0.325 0.9055555555555556 0.021875 0.041666666666666664
8 0.78125 0.33055555555555555 0.025 0.041666666666666664
9 0.55 0.8388888888888889 0.025 0.041666666666666664
10 0.2875 0.6833333333333333 0.0265625 0.044444444444444446