0 0.0484375 0.14166666666666666 0.0328125 0.058333333333333334
2 0.9 0.13055555555555556 0.03125 0.06111111111111111
3 0.0609375 0.8944444444444445 0.03125 0.06111111111111111
4 0.4796875 0.9722222222222222 0.0375 0.05555555555555555
5 0.89375 0.8861111111111111 0.0328125 0.06111111111111111
6 0.859375 0.16111111111111112 0.0203125 0.03888888888888889
14 0.7609375 0.875 0.021875 0.041666666666666664
19 0.4265625 0.8138888888888889 0.025 0.044444444444444446
20 0.875 0.5333333333333333 0.0203125 0.03611111111111111
8 0.3140625 0.8944444444444445 0.021875 0.041666666666666664
10 0.8734375 0.4666666666666667 0.0234375 0.041666666666666664
15 0.88125 0.7944444444444444 0.01875 0.03888888888888889
9 0.3703125 0.3416666666666667 0.0234375 0.044444444444444446
1 0.475 0.03888888888888889 0.0375 0.06666666666666667
7 0.7609375 0.40555555555555556 0.0234375 0.041666666666666664