0 0.05 0.14166666666666666 0.03125 0.058333333333333334
1 0.475 0.030555555555555555 0.0359375 0.06111111111111111
2 0.9 0.12222222222222222 0.0296875 0.058333333333333334
3 0.0609375 0.8944444444444445 0.0296875 0.06388888888888888
4 0.478125 0.9694444444444444 0.0375 0.058333333333333334
5 0.896875 0.8888888888888888 0.03125 0.058333333333333334
6 0.4359375 0.8444444444444444 0.0234375 0.041666666666666664
7 0.090625 0.8083333333333333 0.0171875 0.03888888888888889
14 0.478125 0.5305555555555556 0.0265625 0.044444444444444446
15 0.209375 0.6777777777777778 0.0234375 0.03888888888888889
16 0.2 0.9083333333333333 0.0234375 0.044444444444444446
17 0.075 0.6555555555555556 0.021875 0.044444444444444446
19 0.6421875 0.49166666666666664 0.025 0.04722222222222222
20 0.325 0.9055555555555556 0.0203125 0.03888888888888889
21 0.78125 0.6805555555555556 0.021875 0.044444444444444446
8 0.796875 0.2111111111111111 0.0203125 0.044444444444444446
9 0.55 0.8388888888888889 0.0265625 0.044444444444444446
10 0.29375 0.5555555555555556 0.0234375 0.04722222222222222
12 0.128125 0.8166666666666667 0.0203125 0.03611111111111111
13 0.659375 0.8305555555555556 0.0234375 0.04722222222222222