0 0.046875 0.1388888888888889 0.0296875 0.06111111111111111
1 0.4734375 0.03333333333333333 0.0359375 0.058333333333333334
2 0.9 0.125 0.0359375 0.06388888888888888
3 0.0578125 0.8944444444444445 0.0296875 0.06111111111111111
4 0.478125 0.9722222222222222 0.034375 0.05277777777777778
5 0.8953125 0.8888888888888888 0.0296875 0.06111111111111111
6 0.25 0.9 0.021875 0.041666666666666664
7 0.5515625 0.6638888888888889 0.0265625 0.044444444444444446
14 0.75 0.46944444444444444 0.0265625 0.044444444444444446
15 0.06875 0.7666666666666667 0.0203125 0.03888888888888889
16 0.253125 0.4444444444444444 0.0234375 0.044444444444444446
17 0.55625 0.36944444444444446 0.025 0.05
18 0.215625 0.3888888888888889 0.0234375 0.03888888888888889
19 0.853125 0.6583333333333333 0.021875 0.03888888888888889
20 0.225 0.8472222222222222 0.0234375 0.03888888888888889
13 0.2375 0.7333333333333333 0.0234375 0.044444444444444446
21 0.2375 0.6722222222222223 0.025 0.041666666666666664
8 0.05625 0.6722222222222223 0.021875 0.03611111111111111
9 0.5890625 0.8888888888888888 0.025 0.044444444444444446
10 0.184375 0.9027777777777778 0.021875 0.03888888888888889
11 0.3390625 0.6694444444444444 0.0234375 0.041666666666666664
12 0.79375 0.7027777777777777 0.025 0.041666666666666664