0 0.05 0.1388888888888889 0.040625 0.075
1 0.475 0.03611111111111111 0.0359375 0.07222222222222222
2 0.9 0.12222222222222222 0.040625 0.075
3 0.059375 0.9 0.040625 0.08333333333333333
4 0.478125 0.9722222222222222 0.0390625 0.05277777777777778
5 0.8953125 0.8888888888888888 0.0390625 0.075
6 0.434375 0.6666666666666666 0.025 0.04722222222222222
20 0.15625 0.55 0.025 0.04722222222222222
10 0.1375 0.8194444444444444 0.0234375 0.044444444444444446
9 0.55 0.8416666666666667 0.025 0.04722222222222222
12 0.3234375 0.8583333333333333 0.0265625 0.05
7 0.3734375 0.8555555555555555 0.0265625 0.04722222222222222
19 0.3640625 0.925 0.025 0.04722222222222222
17 0.5875 0.6583333333333333 0.025 0.044444444444444446
15 0.878125 0.7944444444444444 0.0265625 0.04722222222222222
14 0.071875 0.7194444444444444 0.021875 0.04722222222222222