0 0.05 0.14166666666666666 0.0265625 0.06111111111111111
1 0.475 0.03333333333333333 0.0390625 0.05555555555555555
2 0.8984375 0.125 0.028125 0.06388888888888888
3 0.059375 0.8972222222222223 0.034375 0.07222222222222222
4 0.4796875 0.975 0.0375 0.04722222222222222
5 0.8953125 0.8888888888888888 0.0359375 0.06388888888888888
7 0.8265625 0.18055555555555555 0.0234375 0.044444444444444446
15 0.8640625 0.23333333333333334 0.0234375 0.03611111111111111
13 0.8609375 0.44722222222222224 0.0203125 0.03888888888888889
14 0.89375 0.33055555555555555 0.021875 0.044444444444444446
12 0.596875 0.8777777777777778 0.028125 0.041666666666666664
19 0.884375 0.4527777777777778 0.0234375 0.044444444444444446
8 0.115625 0.7305555555555555 0.025 0.04722222222222222
17 0.6796875 0.40555555555555556 0.028125 0.05277777777777778
11 0.859375 0.175 0.021875 0.03333333333333333
20 0.4265625 0.2 0.0265625 0.04722222222222222
10 0.4734375 0.21388888888888888 0.025 0.04722222222222222
9 0.7671875 0.4222222222222222 0.028125 0.04722222222222222
6 0.7578125 0.1388888888888889 0.025 0.044444444444444446
18 0.7734375 0.85 0.0234375 0.041666666666666664
21 0.5625 0.625 0.0265625 0.04722222222222222
16 0.509375 0.8972222222222223 0.0265625 0.04722222222222222