0 0.05 0.1388888888888889 0.0328125 0.05555555555555555
1 0.475 0.03333333333333333 0.040625 0.06666666666666667
2 0.9 0.12222222222222222 0.03125 0.06111111111111111
3 0.0609375 0.8916666666666667 0.03125 0.06111111111111111
4 0.4796875 0.9694444444444444 0.0359375 0.06111111111111111
5 0.8953125 0.8888888888888888 0.0328125 0.06388888888888888
6 0.409375 0.5722222222222222 0.025 0.041666666666666664
7 0.45625 0.2 0.0234375 0.04722222222222222
14 0.3765625 0.8111111111111111 0.0234375 0.041666666666666664
15 0.1484375 0.7944444444444444 0.0203125 0.044444444444444446
16 0.1171875 0.7694444444444445 0.0203125 0.041666666666666664
17 0.075 0.6555555555555556 0.0203125 0.03888888888888889
18 0.31875 0.6138888888888889 0.025 0.044444444444444446
19 0.8546875 0.6611111111111111 0.021875 0.041666666666666664
20 0.2265625 0.8527777777777777 0.0234375 0.03888888888888889
21 0.765625 0.6888888888888889 0.021875 0.044444444444444446
8 0.1 0.4388888888888889 0.021875 0.041666666666666664
9 0.55 0.8305555555555556 0.025 0.044444444444444446
10 0.29375 0.5583333333333333 0.025 0.044444444444444446
11 0.3625 0.525 0.025 0.04722222222222222
12 0.703125 0.17222222222222222 0.0234375 0.03888888888888889
13 0.1171875 0.48333333333333334 0.0203125 0.03888888888888889