0 0.05 0.1361111111111111 0.0359375 0.07777777777777778
1 0.475 0.03611111111111111 0.0421875 0.06944444444444445
2 0.9 0.125 0.034375 0.06944444444444445
3 0.0609375 0.8972222222222223 0.034375 0.07222222222222222
4 0.4796875 0.9722222222222222 0.0375 0.05555555555555555
5 0.8953125 0.8888888888888888 0.0375 0.07222222222222222
6 0.859375 0.6555555555555556 0.0234375 0.04722222222222222
14 0.4359375 0.5222222222222223 0.0265625 0.05277777777777778
9 0.55 0.8388888888888889 0.0265625 0.04722222222222222
15 0.3453125 0.7805555555555556 0.0265625 0.041666666666666664
7 0.359375 0.46944444444444444 0.028125 0.05277777777777778
12 0.4109375 0.33611111111111114 0.028125 0.05
8 0.3484375 0.3611111111111111 0.0234375 0.04722222222222222
19 0.1078125 0.5833333333333334 0.021875 0.03888888888888889
17 0.13125 0.6833333333333333 0.0234375 0.04722222222222222
10 0.0703125 0.7888888888888889 0.01875 0.03888888888888889