6 0.78125 0.6 0.021875 0.041666666666666664
0 0.05 0.1388888888888889 0.0375 0.07222222222222222
1 0.47578125 0.03333333333333333 0.0421875 0.06666666666666667
2 0.9015625 0.125 0.034375 0.06388888888888888
3 0.059375 0.8972222222222223 0.0375 0.06944444444444445
4 0.478125 0.9722222222222222 0.040625 0.05277777777777778
5 0.896875 0.8944444444444445 0.040625 0.08333333333333333
7 0.08125 0.7833333333333333 0.0203125 0.041666666666666664
14 0.4296875 0.26944444444444443 0.028125 0.04722222222222222
15 0.065625 0.5444444444444444 0.021875 0.03888888888888889
17 0.1328125 0.6861111111111111 0.021875 0.044444444444444446
20 0.228125 0.725 0.0234375 0.044444444444444446
9 0.55 0.8416666666666667 0.0234375 0.044444444444444446
19 0.61875 0.15833333333333333 0.0234375 0.04722222222222222
10 0.2828125 0.10833333333333334 0.025 0.04722222222222222
10 0.1078125 0.8722222222222222 0.0203125 0.044444444444444446