0 0.046875 0.1388888888888889 0.0296875 0.058333333333333334
1 0.475 0.03333333333333333 0.0375 0.06666666666666667
2 0.9 0.13055555555555556 0.0296875 0.05555555555555555
3 0.0609375 0.8944444444444445 0.03125 0.06111111111111111
4 0.478125 0.9722222222222222 0.0375 0.05555555555555555
5 0.89375 0.8916666666666667 0.034375 0.06388888888888888
6 0.4359375 0.8472222222222222 0.0265625 0.04722222222222222
7 0.8921875 0.43333333333333335 0.01875 0.041666666666666664
14 0.4359375 0.5222222222222223 0.0234375 0.04722222222222222
15 0.165625 0.7888888888888889 0.01875 0.041666666666666664
16 0.384375 0.1361111111111111 0.0234375 0.044444444444444446
17 0.59375 0.3888888888888889 0.025 0.04722222222222222
19 0.6421875 0.49166666666666664 0.0234375 0.041666666666666664
20 0.325 0.9055555555555556 0.021875 0.03888888888888889
8 0.8765625 0.33055555555555555 0.0203125 0.03333333333333333
9 0.55 0.8388888888888889 0.021875 0.03888888888888889
10 0.115625 0.8166666666666667 0.01875 0.03611111111111111
12 0.06875 0.4222222222222222 0.021875 0.03888888888888889
13 0.8875 0.5583333333333333 0.0203125 0.03611111111111111