0 0.0484375 0.1361111111111111 0.0296875 0.058333333333333334
1 0.475 0.03611111111111111 0.0390625 0.07222222222222222
2 0.9 0.12777777777777777 0.03125 0.058333333333333334
3 0.059375 0.8916666666666667 0.028125 0.058333333333333334
4 0.478125 0.9722222222222222 0.0375 0.05277777777777778
5 0.89375 0.8861111111111111 0.0328125 0.05555555555555555
6 0.4359375 0.8444444444444444 0.0234375 0.044444444444444446
7 0.359375 0.46944444444444444 0.025 0.044444444444444446
14 0.4359375 0.5166666666666667 0.0234375 0.04722222222222222
15 0.3453125 0.7805555555555556 0.0234375 0.041666666666666664
16 0.18125 0.28888888888888886 0.021875 0.041666666666666664
17 0.19375 0.8861111111111111 0.0203125 0.041666666666666664
19 0.378125 0.31666666666666665 0.0234375 0.041666666666666664
20 0.325 0.9083333333333333 0.0234375 0.041666666666666664
8 0.125 0.21666666666666667 0.0234375 0.03888888888888889
9 0.55 0.8388888888888889 0.0265625 0.044444444444444446
10 0.071875 0.7888888888888889 0.01875 0.03888888888888889
12 0.2125 0.48055555555555557 0.021875 0.041666666666666664
13 0.59375 0.14444444444444443 0.025 0.041666666666666664