0 0.05 0.1388888888888889 0.03125 0.05555555555555555
1 0.478125 0.03611111111111111 0.0390625 0.06666666666666667
2 0.9 0.125 0.0390625 0.06388888888888888
3 0.0609375 0.8916666666666667 0.03125 0.06388888888888888
4 0.478125 0.9722222222222222 0.0390625 0.05555555555555555
5 0.8953125 0.8888888888888888 0.03125 0.06388888888888888
6 0.434375 0.8444444444444444 0.025 0.041666666666666664
7 0.1328125 0.3611111111111111 0.0203125 0.03888888888888889
14 0.4359375 0.5194444444444445 0.025 0.044444444444444446
15 0.2265625 0.8861111111111111 0.0234375 0.041666666666666664
16 0.425 0.08888888888888889 0.0234375 0.044444444444444446
12 0.146875 0.8111111111111111 0.0203125 0.044444444444444446
17 0.165625 0.8138888888888889 0.0203125 0.041666666666666664
19 0.5109375 0.09722222222222222 0.021875 0.044444444444444446
20 0.3234375 0.9055555555555556 0.0234375 0.03888888888888889
8 0.1109375 0.275 0.021875 0.044444444444444446
9 0.55 0.8388888888888889 0.025 0.044444444444444446
10 0.115625 0.8166666666666667 0.0203125 0.044444444444444446
13 0.5953125 0.14444444444444443 0.0265625 0.041666666666666664