0 0.0578125 0.125 0.03125 0.06111111111111111
1 0.4859375 0.03333333333333333 0.034375 0.06388888888888888
2 0.9109375 0.12777777777777777 0.0296875 0.058333333333333334
3 0.0640625 0.8777777777777778 0.03125 0.058333333333333334
4 0.4828125 0.9722222222222222 0.0375 0.05555555555555555
5 0.9 0.8916666666666667 0.028125 0.05555555555555555
6 0.1921875 0.4861111111111111 0.021875 0.044444444444444446
14 0.14375 0.24166666666666667 0.0234375 0.03888888888888889
17 0.6671875 0.7111111111111111 0.0234375 0.04722222222222222
20 0.2203125 0.20555555555555555 0.021875 0.03611111111111111
8 0.7203125 0.4111111111111111 0.03125 0.04722222222222222