0 0.05 0.1388888888888889 0.0359375 0.06944444444444445
1 0.4765625 0.03611111111111111 0.034375 0.06388888888888888
2 0.9 0.11944444444444445 0.0328125 0.08333333333333333
3 0.059375 0.8972222222222223 0.040625 0.07222222222222222
4 0.478125 0.975 0.0375 0.05
5 0.896875 0.8916666666666667 0.0296875 0.06111111111111111
10 0.0640625 0.8083333333333333 0.0171875 0.03611111111111111
7 0.071875 0.7638888888888888 0.0171875 0.03333333333333333
6 0.740625 0.22777777777777777 0.0203125 0.03888888888888889
14 0.615625 0.6472222222222223 0.0234375 0.04722222222222222
15 0.396875 0.9138888888888889 0.0203125 0.044444444444444446
17 0.1328125 0.6861111111111111 0.0203125 0.03888888888888889
19 0.6171875 0.15833333333333333 0.025 0.03888888888888889
20 0.228125 0.725 0.0203125 0.044444444444444446
8 0.321875 0.19722222222222222 0.025 0.05
9 0.55 0.8388888888888889 0.0234375 0.044444444444444446