0 0.046875 0.1388888888888889 0.028125 0.05555555555555555
1 0.475 0.03333333333333333 0.0375 0.06666666666666667
2 0.9015625 0.125 0.0328125 0.05555555555555555
3 0.059375 0.8944444444444445 0.0296875 0.06388888888888888
4 0.478125 0.9722222222222222 0.0390625 0.05555555555555555
5 0.896875 0.8888888888888888 0.0296875 0.058333333333333334
6 0.2375 0.8888888888888888 0.021875 0.03888888888888889
7 0.646875 0.6944444444444444 0.0265625 0.04722222222222222
14 0.1 0.36666666666666664 0.021875 0.041666666666666664
15 0.06875 0.7666666666666667 0.0203125 0.03888888888888889
16 0.678125 0.21666666666666667 0.025 0.04722222222222222
17 0.5484375 0.39444444444444443 0.025 0.04722222222222222
18 0.215625 0.3888888888888889 0.025 0.041666666666666664
19 0.7796875 0.5722222222222222 0.0203125 0.041666666666666664
20 0.1953125 0.6527777777777778 0.025 0.04722222222222222
21 0.1515625 0.5 0.0234375 0.04722222222222222
8 0.0578125 0.6722222222222223 0.0203125 0.03888888888888889
9 0.1875 0.5305555555555556 0.0234375 0.03888888888888889
10 0.44375 0.1111111111111111 0.0265625 0.041666666666666664
11 0.3390625 0.6694444444444444 0.0234375 0.044444444444444446
12 0.1515625 0.4166666666666667 0.021875 0.044444444444444446
13 0.2375 0.7333333333333333 0.021875 0.044444444444444446