0 0.05625 0.125 0.025 0.05555555555555555
1 0.4859375 0.03333333333333333 0.034375 0.058333333333333334
2 0.909375 0.12777777777777777 0.028125 0.05555555555555555
3 0.0609375 0.8805555555555555 0.0296875 0.06388888888888888
4 0.4828125 0.975 0.0328125 0.05
5 0.9015625 0.8944444444444445 0.0296875 0.058333333333333334
6 0.1265625 0.2777777777777778 0.01875 0.041666666666666664
14 0.146875 0.24166666666666667 0.0265625 0.044444444444444446
17 0.8265625 0.14444444444444443 0.01875 0.03611111111111111
20 0.215625 0.21944444444444444 0.0203125 0.044444444444444446
8 0.7171875 0.4111111111111111 0.025 0.044444444444444446