1 0.4765625 0.03333333333333333 0.040625 0.06666666666666667
2 0.9 0.12222222222222222 0.0359375 0.06111111111111111
3 0.0578125 0.8944444444444445 0.0328125 0.06944444444444445
4 0.478125 0.9722222222222222 0.040625 0.05277777777777778
5 0.89375 0.8861111111111111 0.0328125 0.06388888888888888
20 0.334375 0.375 0.0234375 0.041666666666666664
9 0.503125 0.4222222222222222 0.0265625 0.05
0 0.05 0.1388888888888889 0.03125 0.06111111111111111
14 0.246875 0.55 0.025 0.041666666666666664
6 0.7 0.8222222222222222 0.025 0.04722222222222222
8 0.6046875 0.7194444444444444 0.025 0.04722222222222222