0 0.05 0.1388888888888889 0.0375 0.06944444444444445
1 0.475 0.03611111111111111 0.0359375 0.06388888888888888
2 0.9015625 0.12222222222222222 0.0375 0.06944444444444445
3 0.0546875 0.9 0.0421875 0.06666666666666667
4 0.478125 0.9722222222222222 0.0390625 0.05555555555555555
5 0.896875 0.8944444444444445 0.0390625 0.07777777777777778
6 0.8109375 0.7333333333333333 0.021875 0.041666666666666664
10 0.1078125 0.8722222222222222 0.0203125 0.03611111111111111
7 0.1265625 0.8361111111111111 0.01875 0.041666666666666664
14 0.209375 0.7916666666666666 0.021875 0.041666666666666664
15 0.1453125 0.3138888888888889 0.0203125 0.03888888888888889
17 0.13125 0.6833333333333333 0.01875 0.03611111111111111
20 0.2296875 0.725 0.0234375 0.04722222222222222
8 0.2828125 0.10555555555555556 0.0265625 0.04722222222222222
19 0.61875 0.15555555555555556 0.025 0.041666666666666664
9 0.5484375 0.8388888888888889 0.0234375 0.044444444444444446