1 0.475 0.03611111111111111 0.040625 0.07222222222222222
2 0.9015625 0.11944444444444445 0.0359375 0.07777777777777778
3 0.0609375 0.8944444444444445 0.03125 0.06666666666666667
4 0.478125 0.9722222222222222 0.0375 0.05555555555555555
5 0.896875 0.8888888888888888 0.034375 0.06944444444444445
20 0.803125 0.7 0.0234375 0.041666666666666664
6 0.415625 0.20833333333333334 0.0234375 0.044444444444444446
9 0.66875 0.5555555555555556 0.021875 0.03888888888888889
8 0.6921875 0.5833333333333334 0.025 0.044444444444444446
10 0.8296875 0.23333333333333334 0.0203125 0.041666666666666664
0 0.0515625 0.1361111111111111 0.0328125 0.06388888888888888
7 0.659375 0.6888888888888889 0.021875 0.044444444444444446
16 0.890625 0.7361111111111112 0.021875 0.03888888888888889
17 0.8953125 0.5888888888888889 0.0203125 0.041666666666666664
18 0.8625 0.1638888888888889 0.0203125 0.03333333333333333
21 0.8265625 0.7972222222222223 0.0203125 0.03888888888888889
11 0.55 0.5805555555555556 0.0265625 0.04722222222222222
12 0.846875 0.18333333333333332 0.0203125 0.03888888888888889
13 0.884375 0.17222222222222222 0.0203125 0.041666666666666664