0 0.046875 0.1388888888888889 0.03125 0.058333333333333334
1 0.475 0.03611111111111111 0.0359375 0.06666666666666667
2 0.9015625 0.125 0.034375 0.05555555555555555
3 0.059375 0.8944444444444445 0.0328125 0.06111111111111111
4 0.478125 0.9722222222222222 0.040625 0.05277777777777778
5 0.89375 0.8888888888888888 0.0296875 0.06666666666666667
6 0.8421875 0.8055555555555556 0.0203125 0.03888888888888889
7 0.646875 0.16666666666666666 0.0265625 0.044444444444444446
14 0.85625 0.14444444444444443 0.021875 0.03611111111111111
15 0.5625 0.18888888888888888 0.0265625 0.044444444444444446
16 0.2015625 0.7888888888888889 0.0234375 0.044444444444444446
17 0.19375 0.8388888888888889 0.021875 0.041666666666666664
18 0.9015625 0.5444444444444444 0.021875 0.041666666666666664
19 0.8296875 0.8833333333333333 0.0203125 0.03888888888888889
20 0.6 0.8972222222222223 0.0234375 0.041666666666666664
21 0.6703125 0.2611111111111111 0.025 0.044444444444444446
8 0.715625 0.31666666666666665 0.025 0.04722222222222222
9 0.8609375 0.2361111111111111 0.021875 0.041666666666666664
10 0.7734375 0.12777777777777777 0.021875 0.041666666666666664
11 0.8515625 0.4444444444444444 0.0203125 0.03888888888888889
12 0.190625 0.6277777777777778 0.0265625 0.044444444444444446
13 0.23125 0.8527777777777777 0.0234375 0.041666666666666664