0 0.0578125 0.12222222222222222 0.028125 0.058333333333333334
1 0.4859375 0.03333333333333333 0.0390625 0.058333333333333334
2 0.909375 0.12222222222222222 0.0265625 0.058333333333333334
3 0.0640625 0.8805555555555555 0.0265625 0.058333333333333334
4 0.484375 0.975 0.0375 0.05
5 0.9 0.8888888888888888 0.03125 0.06111111111111111
6 0.709375 0.1388888888888889 0.0234375 0.044444444444444446
14 0.2875 0.8583333333333333 0.025 0.041666666666666664
17 0.59375 0.09166666666666666 0.025 0.044444444444444446
20 0.4703125 0.3333333333333333 0.0234375 0.04722222222222222
8 0.715625 0.7944444444444444 0.021875 0.041666666666666664
10 0.3375 0.4166666666666667 0.025 0.044444444444444446