0 0.0484375 0.1388888888888889 0.03125 0.05555555555555555
1 0.475 0.03333333333333333 0.034375 0.06666666666666667
2 0.9015625 0.12777777777777777 0.0296875 0.05555555555555555
3 0.0609375 0.8916666666666667 0.0296875 0.058333333333333334
4 0.478125 0.9722222222222222 0.0375 0.05555555555555555
5 0.8953125 0.8888888888888888 0.03125 0.06388888888888888
6 0.4375 0.8472222222222222 0.0265625 0.041666666666666664
7 0.359375 0.4722222222222222 0.025 0.04722222222222222
14 0.434375 0.5194444444444445 0.0265625 0.044444444444444446
15 0.3453125 0.7805555555555556 0.025 0.041666666666666664
16 0.203125 0.5083333333333333 0.021875 0.041666666666666664
17 0.1953125 0.8861111111111111 0.021875 0.041666666666666664
19 0.378125 0.31666666666666665 0.0234375 0.044444444444444446
20 0.325 0.9055555555555556 0.0234375 0.03611111111111111
8 0.125 0.21666666666666667 0.021875 0.03888888888888889
9 0.5484375 0.8388888888888889 0.0265625 0.04722222222222222
10 0.0703125 0.7888888888888889 0.0203125 0.03888888888888889
12 0.234375 0.39444444444444443 0.021875 0.03611111111111111
13 0.5953125 0.14444444444444443 0.025 0.041666666666666664