0 0.0484375 0.1388888888888889 0.034375 0.07222222222222222
1 0.4765625 0.03611111111111111 0.040625 0.06666666666666667
2 0.9046875 0.125 0.0375 0.08333333333333333
3 0.053125 0.9 0.0515625 0.1
4 0.478125 0.9694444444444444 0.0390625 0.058333333333333334
5 0.8984375 0.8972222222222223 0.04375 0.09166666666666666
10 0.109375 0.875 0.0234375 0.041666666666666664
7 0.1203125 0.825 0.0203125 0.041666666666666664
9 0.55 0.8416666666666667 0.021875 0.04722222222222222
17 0.1328125 0.6833333333333333 0.021875 0.03888888888888889
15 0.1125 0.4083333333333333 0.0203125 0.041666666666666664
8 0.2828125 0.10833333333333334 0.025 0.04722222222222222
14 0.4375 0.1361111111111111 0.025 0.04722222222222222
19 0.61875 0.15833333333333333 0.021875 0.044444444444444446
6 0.8171875 0.4361111111111111 0.0234375 0.05277777777777778
20 0.228125 0.725 0.021875 0.04722222222222222