0 0.0578125 0.125 0.03125 0.05277777777777778
1 0.4859375 0.030555555555555555 0.034375 0.05555555555555555
2 0.909375 0.13055555555555556 0.0328125 0.05
3 0.0640625 0.8777777777777778 0.0296875 0.06111111111111111
4 0.484375 0.9722222222222222 0.034375 0.05
5 0.9 0.8944444444444445 0.03125 0.06111111111111111
6 0.7421875 0.21944444444444444 0.025 0.041666666666666664
14 0.2875 0.8555555555555555 0.025 0.041666666666666664
17 0.590625 0.2 0.025 0.044444444444444446
20 0.4671875 0.3333333333333333 0.0265625 0.041666666666666664
8 0.715625 0.7972222222222223 0.0234375 0.044444444444444446
10 0.353125 0.4 0.025 0.04722222222222222