0 0.0515625 0.1388888888888889 0.0359375 0.075
1 0.475 0.03333333333333333 0.0390625 0.06666666666666667
2 0.9 0.12222222222222222 0.034375 0.075
3 0.059375 0.8972222222222223 0.034375 0.075
4 0.48125 0.9722222222222222 0.0375 0.05555555555555555
5 0.8953125 0.8888888888888888 0.034375 0.07222222222222222
6 0.859375 0.6555555555555556 0.021875 0.041666666666666664
12 0.4109375 0.33611111111111114 0.0265625 0.04722222222222222
8 0.3484375 0.4444444444444444 0.0234375 0.044444444444444446
7 0.3671875 0.5138888888888888 0.025 0.04722222222222222
14 0.434375 0.5194444444444445 0.025 0.04722222222222222
19 0.1171875 0.5777777777777777 0.0203125 0.03888888888888889
17 0.13125 0.6833333333333333 0.0234375 0.044444444444444446
10 0.071875 0.7888888888888889 0.0203125 0.03611111111111111
15 0.3453125 0.7777777777777778 0.025 0.044444444444444446
20 0.325 0.9055555555555556 0.025 0.041666666666666664
9 0.55 0.8388888888888889 0.025 0.044444444444444446