0 0.046875 0.1388888888888889 0.028125 0.05277777777777778
1 0.4765625 0.03611111111111111 0.0375 0.06944444444444445
2 0.9015625 0.125 0.034375 0.05555555555555555
3 0.0578125 0.8944444444444445 0.0296875 0.06388888888888888
4 0.4796875 0.9722222222222222 0.0359375 0.05555555555555555
5 0.8953125 0.8888888888888888 0.0328125 0.06388888888888888
6 0.234375 0.8694444444444445 0.0203125 0.041666666666666664
7 0.684375 0.775 0.021875 0.044444444444444446
14 0.3 0.7333333333333333 0.021875 0.03888888888888889
15 0.06875 0.7666666666666667 0.01875 0.03611111111111111
16 0.446875 0.09722222222222222 0.0265625 0.044444444444444446
17 0.55625 0.36666666666666664 0.025 0.044444444444444446
18 0.215625 0.3888888888888889 0.025 0.044444444444444446
19 0.85625 0.6611111111111111 0.0203125 0.03888888888888889
20 0.2109375 0.75 0.0234375 0.044444444444444446
21 0.2078125 0.6388888888888888 0.025 0.044444444444444446
8 0.05625 0.6722222222222223 0.0234375 0.03888888888888889
9 0.4765625 0.6138888888888889 0.0265625 0.041666666666666664
10 0.41875 0.16666666666666666 0.025 0.041666666666666664
11 0.3390625 0.6694444444444444 0.025 0.041666666666666664
12 0.4 0.6222222222222222 0.025 0.044444444444444446
13 0.2375 0.7333333333333333 0.025 0.041666666666666664