0 0.05 0.1361111111111111 0.0328125 0.06388888888888888
1 0.475 0.03888888888888889 0.034375 0.07222222222222222
2 0.9 0.12777777777777777 0.034375 0.06388888888888888
3 0.059375 0.8944444444444445 0.0296875 0.06666666666666667
4 0.4796875 0.9708333333333333 0.034375 0.058333333333333334
5 0.89375 0.8861111111111111 0.0328125 0.06388888888888888
6 0.859375 0.6555555555555556 0.0234375 0.041666666666666664
7 0.359375 0.46944444444444444 0.025 0.05
14 0.4359375 0.5166666666666667 0.025 0.05
15 0.3453125 0.7777777777777778 0.025 0.041666666666666664
16 0.215625 0.6638888888888889 0.0234375 0.041666666666666664
17 0.1625 0.43333333333333335 0.0203125 0.03888888888888889
19 0.3765625 0.31666666666666665 0.025 0.041666666666666664
20 0.325 0.9055555555555556 0.0234375 0.03888888888888889
8 0.3046875 0.65 0.025 0.04722222222222222
9 0.55 0.8416666666666667 0.025 0.044444444444444446
10 0.071875 0.7888888888888889 0.0203125 0.041666666666666664
12 0.3984375 0.2111111111111111 0.025 0.04722222222222222