19 0.6171875 0.15555555555555556 0.025 0.04722222222222222
8 0.2828125 0.10555555555555556 0.0265625 0.044444444444444446
14 0.615625 0.65 0.0265625 0.044444444444444446
9 0.5484375 0.8388888888888889 0.025 0.04722222222222222
15 0.3953125 0.9138888888888889 0.025 0.05
20 0.228125 0.725 0.025 0.04722222222222222
7 0.0890625 0.7277777777777777 0.0203125 0.041666666666666664
17 0.13125 0.6861111111111111 0.0234375 0.03888888888888889
10 0.1078125 0.8722222222222222 0.0203125 0.044444444444444446
0 0.05 0.1361111111111111 0.034375 0.07222222222222222
1 0.475 0.03333333333333333 0.0375 0.06666666666666667
5 0.896875 0.8916666666666667 0.034375 0.08611111111111111
4 0.4765625 0.9694444444444444 0.0453125 0.06111111111111111
3 0.05625 0.8972222222222223 0.0421875 0.08888888888888889