0 0.0515625 0.1361111111111111 0.03125 0.06666666666666667
1 0.475 0.03333333333333333 0.0390625 0.06388888888888888
2 0.8984375 0.125 0.03125 0.06944444444444445
3 0.0609375 0.8944444444444445 0.0296875 0.06944444444444445
4 0.4796875 0.975 0.0359375 0.04722222222222222
5 0.89375 0.8888888888888888 0.034375 0.06388888888888888
9 0.5515625 0.8416666666666667 0.025 0.03888888888888889
15 0.3453125 0.7777777777777778 0.0265625 0.041666666666666664
17 0.13125 0.6833333333333333 0.0234375 0.03888888888888889
10 0.0703125 0.7916666666666666 0.0203125 0.03611111111111111
8 0.3484375 0.46111111111111114 0.0265625 0.044444444444444446
7 0.5671875 0.6777777777777778 0.0265625 0.05
19 0.615625 0.19722222222222222 0.0234375 0.044444444444444446
6 0.859375 0.6527777777777778 0.0234375 0.03888888888888889
20 0.325 0.9055555555555556 0.0234375 0.044444444444444446