0 0.0578125 0.12777777777777777 0.028125 0.06111111111111111
1 0.4859375 0.03333333333333333 0.0375 0.058333333333333334
2 0.9078125 0.125 0.028125 0.058333333333333334
3 0.065625 0.8833333333333333 0.03125 0.05555555555555555
4 0.4859375 0.975 0.0375 0.04722222222222222
5 0.9 0.8861111111111111 0.03125 0.05555555555555555
6 0.3609375 0.24722222222222223 0.0234375 0.04722222222222222
14 0.203125 0.19722222222222222 0.021875 0.041666666666666664
17 0.89375 0.5722222222222222 0.021875 0.044444444444444446
20 0.159375 0.3638888888888889 0.0234375 0.041666666666666664
8 0.2546875 0.3111111111111111 0.028125 0.05