0 0.046875 0.1388888888888889 0.0296875 0.058333333333333334
1 0.475 0.03888888888888889 0.0375 0.06944444444444445
2 0.9 0.12222222222222222 0.0359375 0.06388888888888888
3 0.0609375 0.8944444444444445 0.0390625 0.06111111111111111
4 0.4796875 0.9722222222222222 0.0375 0.05555555555555555
5 0.8953125 0.8861111111111111 0.034375 0.06388888888888888
6 0.859375 0.6527777777777778 0.01875 0.041666666666666664
7 0.359375 0.46944444444444444 0.0265625 0.04722222222222222
14 0.4359375 0.5166666666666667 0.0265625 0.04722222222222222
15 0.3453125 0.7777777777777778 0.0234375 0.044444444444444446
16 0.215625 0.6666666666666666 0.0234375 0.044444444444444446
17 0.18125 0.7611111111111111 0.021875 0.03888888888888889
19 0.3765625 0.31666666666666665 0.025 0.04722222222222222
20 0.3234375 0.9055555555555556 0.0234375 0.04722222222222222
8 0.3421875 0.6277777777777778 0.025 0.04722222222222222
9 0.55 0.8388888888888889 0.025 0.044444444444444446
10 0.071875 0.7916666666666666 0.021875 0.03611111111111111
12 0.396875 0.2111111111111111 0.028125 0.05
13 0.0796875 0.875 0.0203125 0.041666666666666664