1 0.475 0.03611111111111111 0.040625 0.07222222222222222
2 0.9015625 0.11944444444444445 0.0359375 0.07777777777777778
3 0.0609375 0.8944444444444445 0.03125 0.06666666666666667
4 0.478125 0.9722222222222222 0.0375 0.05555555555555555
5 0.896875 0.8888888888888888 0.034375 0.06944444444444445
20 0.7703125 0.36666666666666664 0.0234375 0.041666666666666664
6 0.228125 0.3333333333333333 0.0234375 0.044444444444444446
9 0.8453125 0.21666666666666667 0.021875 0.03888888888888889
8 0.690625 0.5777777777777777 0.025 0.044444444444444446
10 0.796875 0.1388888888888889 0.0234375 0.04722222222222222
0 0.0515625 0.1361111111111111 0.0328125 0.06388888888888888
7 0.76875 0.8722222222222222 0.021875 0.044444444444444446
16 0.8859375 0.6611111111111111 0.021875 0.03888888888888889
18 0.853125 0.1638888888888889 0.0203125 0.03333333333333333
21 0.7703125 0.23055555555555557 0.01875 0.03888888888888889
11 0.55 0.5805555555555556 0.0265625 0.04722222222222222
12 0.8125 0.18611111111111112 0.0234375 0.041666666666666664
13 0.8828125 0.20833333333333334 0.0203125 0.041666666666666664