0 0.05 0.1388888888888889 0.040625 0.06944444444444445
1 0.475 0.03611111111111111 0.040625 0.07222222222222222
2 0.9015625 0.11944444444444445 0.0359375 0.07777777777777778
3 0.05625 0.9027777777777778 0.0421875 0.08888888888888889
4 0.4796875 0.9722222222222222 0.040625 0.05555555555555555
5 0.896875 0.8888888888888888 0.034375 0.06944444444444445
18 0.7015625 0.7888888888888889 0.025 0.044444444444444446
20 0.596875 0.14722222222222223 0.025 0.044444444444444446
11 0.8515625 0.14444444444444443 0.0234375 0.041666666666666664
16 0.8953125 0.25277777777777777 0.0203125 0.044444444444444446
7 0.671875 0.1527777777777778 0.0203125 0.044444444444444446
10 0.765625 0.46944444444444444 0.0234375 0.041666666666666664
9 0.7875 0.48333333333333334 0.021875 0.03888888888888889
19 0.871875 0.7916666666666666 0.01875 0.041666666666666664
14 0.71875 0.6027777777777777 0.0234375 0.041666666666666664
17 0.7828125 0.8805555555555555 0.0234375 0.041666666666666664
15 0.8703125 0.8361111111111111 0.0203125 0.03611111111111111
6 0.8859375 0.8388888888888889 0.01875 0.03888888888888889
13 0.6515625 0.6055555555555555 0.025 0.05
21 0.490625 0.5666666666666667 0.025 0.04722222222222222
8 0.5734375 0.675 0.0265625 0.05
12 0.50625 0.6638888888888889 0.025 0.05