0 0.0484375 0.1361111111111111 0.03125 0.06111111111111111
1 0.4765625 0.03611111111111111 0.040625 0.06944444444444445
2 0.9015625 0.12222222222222222 0.03125 0.05555555555555555
3 0.059375 0.8944444444444445 0.03125 0.07222222222222222
4 0.47734375 0.9708333333333333 0.0359375 0.058333333333333334
5 0.896875 0.8888888888888888 0.0328125 0.06111111111111111
6 0.859375 0.6555555555555556 0.0203125 0.041666666666666664
7 0.60625 0.225 0.025 0.041666666666666664
14 0.615625 0.6472222222222223 0.0265625 0.044444444444444446
15 0.3453125 0.7805555555555556 0.0234375 0.041666666666666664
17 0.1328125 0.6861111111111111 0.0203125 0.041666666666666664
19 0.615625 0.18333333333333332 0.0234375 0.041666666666666664
20 0.3234375 0.9055555555555556 0.0203125 0.044444444444444446
9 0.55 0.8388888888888889 0.0265625 0.044444444444444446
10 0.071875 0.7888888888888889 0.0203125 0.03888888888888889