0 0.046875 0.1388888888888889 0.03125 0.058333333333333334
1 0.475 0.03611111111111111 0.0359375 0.06666666666666667
2 0.9015625 0.125 0.034375 0.05555555555555555
3 0.059375 0.8944444444444445 0.0328125 0.06111111111111111
4 0.478125 0.9722222222222222 0.040625 0.05277777777777778
5 0.89375 0.8888888888888888 0.0296875 0.06666666666666667
6 0.8421875 0.8055555555555556 0.0203125 0.03888888888888889
7 0.05625 0.16944444444444445 0.015625 0.03611111111111111
14 0.6390625 0.2361111111111111 0.0234375 0.041666666666666664
16 0.553125 0.7027777777777777 0.025 0.044444444444444446
17 0.128125 0.4777777777777778 0.021875 0.041666666666666664
18 0.6515625 0.5888888888888889 0.0234375 0.041666666666666664
19 0.8296875 0.8833333333333333 0.0203125 0.03888888888888889
20 0.525 0.8916666666666667 0.0234375 0.041666666666666664
21 0.4296875 0.2833333333333333 0.0234375 0.044444444444444446
8 0.065625 0.8055555555555556 0.0234375 0.03888888888888889
9 0.7 0.525 0.021875 0.044444444444444446
10 0.665625 0.17222222222222222 0.021875 0.041666666666666664
11 0.85625 0.4361111111111111 0.0203125 0.03888888888888889
12 0.190625 0.6277777777777778 0.0265625 0.044444444444444446
13 0.228125 0.8194444444444444 0.0234375 0.041666666666666664
15 0.3203125 0.6111111111111112 0.025 0.044444444444444446