0 0.05 0.14166666666666666 0.0265625 0.06111111111111111
1 0.475 0.03333333333333333 0.0390625 0.05555555555555555
2 0.8984375 0.125 0.028125 0.06388888888888888
3 0.059375 0.8972222222222223 0.034375 0.07222222222222222
4 0.4796875 0.975 0.0375 0.04722222222222222
5 0.8953125 0.8888888888888888 0.0359375 0.06388888888888888
10 0.2703125 0.9166666666666666 0.025 0.03888888888888889
20 0.45 0.22777777777777777 0.0265625 0.03888888888888889
18 0.8625 0.25 0.0234375 0.041666666666666664
6 0.403125 0.8444444444444444 0.025 0.044444444444444446
21 0.5640625 0.8583333333333333 0.028125 0.044444444444444446
7 0.8484375 0.6194444444444445 0.025 0.04722222222222222
15 0.7484375 0.6638888888888889 0.0234375 0.041666666666666664
13 0.571875 0.49166666666666664 0.025 0.044444444444444446
14 0.8484375 0.38333333333333336 0.0234375 0.044444444444444446
12 0.6 0.8777777777777778 0.0234375 0.041666666666666664
9 0.690625 0.7388888888888889 0.0234375 0.044444444444444446
19 0.809375 0.6138888888888889 0.0265625 0.044444444444444446
8 0.771875 0.6472222222222223 0.021875 0.044444444444444446
17 0.4828125 0.2916666666666667 0.0265625 0.04722222222222222
11 0.70625 0.8805555555555555 0.0234375 0.044444444444444446