0 0.05 0.1388888888888889 0.040625 0.075
1 0.475 0.03611111111111111 0.0359375 0.07222222222222222
2 0.9 0.12222222222222222 0.040625 0.075
3 0.059375 0.9 0.040625 0.08333333333333333
4 0.478125 0.9722222222222222 0.0390625 0.05277777777777778
5 0.8953125 0.8888888888888888 0.0390625 0.075
19 0.4140625 0.08888888888888889 0.028125 0.05
6 0.24375 0.5055555555555555 0.0265625 0.05
20 0.15625 0.55 0.0234375 0.05
8 0.4828125 0.6944444444444444 0.0265625 0.05277777777777778
7 0.5875 0.32222222222222224 0.028125 0.05
10 0.753125 0.7611111111111111 0.025 0.044444444444444446
9 0.55 0.8388888888888889 0.0265625 0.044444444444444446
14 0.75 0.8638888888888889 0.0265625 0.044444444444444446
15 0.88125 0.8 0.0234375 0.041666666666666664
17 0.8609375 0.8694444444444445 0.0265625 0.041666666666666664