0 0.059375 0.12222222222222222 0.028125 0.05
1 0.4859375 0.027777777777777776 0.034375 0.05555555555555555
2 0.9109375 0.13055555555555556 0.03125 0.05277777777777778
3 0.0640625 0.8805555555555555 0.03125 0.058333333333333334
4 0.484375 0.975 0.0375 0.05
5 0.9015625 0.8944444444444445 0.03125 0.058333333333333334
6 0.559375 0.36666666666666664 0.025 0.04722222222222222
14 0.246875 0.8055555555555556 0.025 0.044444444444444446
17 0.675 0.75 0.0234375 0.04722222222222222
20 0.2046875 0.6444444444444445 0.0234375 0.041666666666666664
8 0.7171875 0.7916666666666666 0.0234375 0.044444444444444446
10 0.0640625 0.36666666666666664 0.01875 0.03611111111111111
11 0.096875 0.25555555555555554 0.0203125 0.03611111111111111