0 0.0484375 0.14166666666666666 0.0328125 0.058333333333333334
3 0.0609375 0.8944444444444445 0.03125 0.06111111111111111
4 0.478125 0.9722222222222222 0.0375 0.05555555555555555
5 0.89375 0.8861111111111111 0.0328125 0.06111111111111111
14 0.2296875 0.8138888888888889 0.025 0.044444444444444446
19 0.559375 0.9194444444444444 0.021875 0.03888888888888889
8 0.85 0.44722222222222224 0.025 0.044444444444444446
10 0.6265625 0.8861111111111111 0.021875 0.03888888888888889
9 0.071875 0.5388888888888889 0.0203125 0.03888888888888889
1 0.475 0.03888888888888889 0.0375 0.06666666666666667
7 0.821875 0.8 0.0234375 0.041666666666666664
6 0.503125 0.6305555555555555 0.0265625 0.044444444444444446
20 0.2625 0.6 0.028125 0.04722222222222222