0 0.046875 0.1388888888888889 0.03125 0.058333333333333334
1 0.475 0.03611111111111111 0.0359375 0.06666666666666667
2 0.9015625 0.125 0.034375 0.05555555555555555
3 0.059375 0.8944444444444445 0.0328125 0.06111111111111111
4 0.478125 0.9722222222222222 0.040625 0.05277777777777778
5 0.89375 0.8888888888888888 0.0296875 0.06666666666666667
6 0.878125 0.8277777777777777 0.0203125 0.03333333333333333
14 0.621875 0.8944444444444445 0.0234375 0.041666666666666664
15 0.8328125 0.25555555555555554 0.0234375 0.03888888888888889
16 0.828125 0.16111111111111112 0.0203125 0.03888888888888889
18 0.4375 0.23055555555555557 0.028125 0.044444444444444446
19 0.8015625 0.15 0.0203125 0.03888888888888889
20 0.596875 0.8972222222222223 0.025 0.041666666666666664
21 0.2296875 0.15833333333333333 0.025 0.044444444444444446
9 0.653125 0.8388888888888889 0.028125 0.044444444444444446
10 0.765625 0.6 0.021875 0.03888888888888889
11 0.7703125 0.5083333333333333 0.025 0.044444444444444446
13 0.70625 0.10277777777777777 0.0234375 0.041666666666666664
7 0.8484375 0.7611111111111111 0.01875 0.03611111111111111
8 0.8390625 0.8222222222222222 0.0234375 0.03888888888888889
17 0.83125 0.875 0.0203125 0.03611111111111111