0 0.046875 0.13333333333333333 0.03125 0.06111111111111111
1 0.475 0.03611111111111111 0.040625 0.07222222222222222
2 0.903125 0.125 0.03125 0.06111111111111111
3 0.0609375 0.8916666666666667 0.0328125 0.06666666666666667
4 0.478125 0.9694444444444444 0.0375 0.06111111111111111
5 0.8953125 0.8888888888888888 0.034375 0.06111111111111111
6 0.803125 0.7638888888888888 0.021875 0.03888888888888889
7 0.359375 0.4666666666666667 0.0265625 0.04722222222222222
14 0.434375 0.5222222222222223 0.0265625 0.04722222222222222
15 0.346875 0.7805555555555556 0.0234375 0.03888888888888889
16 0.215625 0.6666666666666666 0.025 0.041666666666666664
17 0.1953125 0.8888888888888888 0.01875 0.03888888888888889
19 0.378125 0.31666666666666665 0.0234375 0.041666666666666664
20 0.325 0.9055555555555556 0.0234375 0.041666666666666664
8 0.825 0.35555555555555557 0.0234375 0.041666666666666664
9 0.55 0.8388888888888889 0.025 0.041666666666666664
10 0.0703125 0.7888888888888889 0.021875 0.041666666666666664
12 0.40625 0.3472222222222222 0.0265625 0.044444444444444446
13 0.5953125 0.14444444444444443 0.0234375 0.04722222222222222