0 0.046875 0.1388888888888889 0.0296875 0.06111111111111111
1 0.475 0.03611111111111111 0.0390625 0.07222222222222222
2 0.9015625 0.13055555555555556 0.03125 0.058333333333333334
3 0.0578125 0.8944444444444445 0.0296875 0.06666666666666667
4 0.4796875 0.9722222222222222 0.0375 0.05555555555555555
5 0.89375 0.8888888888888888 0.034375 0.06388888888888888
6 0.4359375 0.8472222222222222 0.025 0.044444444444444446
7 0.8921875 0.43333333333333335 0.0171875 0.03333333333333333
14 0.434375 0.5222222222222223 0.025 0.044444444444444446
15 0.165625 0.7888888888888889 0.0203125 0.03888888888888889
16 0.425 0.08888888888888889 0.025 0.044444444444444446
17 0.6390625 0.4583333333333333 0.025 0.044444444444444446
19 0.65 0.5305555555555556 0.0234375 0.03888888888888889
20 0.3234375 0.9055555555555556 0.0203125 0.041666666666666664
8 0.090625 0.35 0.0203125 0.03333333333333333
9 0.5484375 0.8388888888888889 0.0234375 0.041666666666666664
10 0.1140625 0.8194444444444444 0.0203125 0.03611111111111111
12 0.090625 0.5777777777777777 0.0203125 0.03611111111111111
13 0.70625 0.3388888888888889 0.0234375 0.03888888888888889