1 0.475 0.03611111111111111 0.040625 0.07222222222222222
2 0.9015625 0.11944444444444445 0.0359375 0.07777777777777778
3 0.0609375 0.8944444444444445 0.03125 0.06666666666666667
4 0.4796875 0.9722222222222222 0.040625 0.05555555555555555
5 0.896875 0.8888888888888888 0.034375 0.06944444444444445
20 0.1484375 0.6055555555555555 0.0234375 0.041666666666666664
6 0.109375 0.15555555555555556 0.0234375 0.044444444444444446
9 0.125 0.6388888888888888 0.0234375 0.03888888888888889
8 0.878125 0.18055555555555555 0.0203125 0.03888888888888889
14 0.8703125 0.25833333333333336 0.021875 0.03888888888888889
10 0.059375 0.6222222222222222 0.021875 0.041666666666666664
0 0.0515625 0.1361111111111111 0.0328125 0.06388888888888888