0 0.0484375 0.14166666666666666 0.03125 0.06388888888888888
1 0.475 0.03611111111111111 0.0390625 0.06944444444444445
2 0.9 0.12222222222222222 0.03125 0.06388888888888888
3 0.0578125 0.8916666666666667 0.03125 0.06944444444444445
4 0.478125 0.9694444444444444 0.0421875 0.058333333333333334
5 0.896875 0.8888888888888888 0.034375 0.06666666666666667
6 0.4359375 0.8416666666666667 0.021875 0.041666666666666664
7 0.153125 0.8416666666666667 0.0203125 0.041666666666666664
14 0.45 0.5222222222222223 0.025 0.04722222222222222
15 0.1984375 0.49166666666666664 0.021875 0.044444444444444446
16 0.253125 0.6527777777777778 0.025 0.04722222222222222
17 0.075 0.6555555555555556 0.0203125 0.03611111111111111
19 0.640625 0.49166666666666664 0.025 0.044444444444444446
20 0.325 0.9055555555555556 0.025 0.044444444444444446
21 0.78125 0.6805555555555556 0.0234375 0.044444444444444446
8 0.790625 0.26944444444444443 0.0234375 0.03888888888888889
9 0.55 0.8388888888888889 0.0234375 0.041666666666666664
10 0.29375 0.5555555555555556 0.025 0.044444444444444446
12 0.1265625 0.8111111111111111 0.0203125 0.041666666666666664
13 0.659375 0.8305555555555556 0.025 0.041666666666666664