0 0.046875 0.1388888888888889 0.0390625 0.06111111111111111
1 0.4765625 0.03888888888888889 0.0375 0.06944444444444445
2 0.9015625 0.12777777777777777 0.034375 0.06388888888888888
3 0.059375 0.8944444444444445 0.03125 0.06666666666666667
4 0.4796875 0.9722222222222222 0.0375 0.05555555555555555
5 0.8953125 0.8888888888888888 0.03125 0.06388888888888888
6 0.409375 0.5694444444444444 0.0265625 0.04722222222222222
7 0.390625 0.4111111111111111 0.0265625 0.044444444444444446
14 0.3765625 0.8111111111111111 0.0234375 0.044444444444444446
15 0.1484375 0.7944444444444444 0.021875 0.041666666666666664
16 0.1171875 0.7694444444444445 0.0203125 0.041666666666666664
17 0.075 0.6555555555555556 0.0203125 0.03888888888888889
18 0.31875 0.6111111111111112 0.0265625 0.05
19 0.8546875 0.6611111111111111 0.0203125 0.041666666666666664
20 0.228125 0.85 0.0234375 0.044444444444444446
21 0.490625 0.7305555555555555 0.0234375 0.04722222222222222
8 0.0984375 0.4388888888888889 0.021875 0.03611111111111111
9 0.55 0.8277777777777777 0.025 0.041666666666666664
10 0.29375 0.5583333333333333 0.0265625 0.044444444444444446
11 0.3625 0.5277777777777778 0.025 0.04722222222222222
12 0.70625 0.6111111111111112 0.025 0.04722222222222222
13 0.109375 0.5055555555555555 0.021875 0.03611111111111111