0 0.0484375 0.1388888888888889 0.0296875 0.05555555555555555
1 0.475 0.03888888888888889 0.0390625 0.06944444444444445
2 0.9015625 0.12777777777777777 0.03125 0.06666666666666667
3 0.059375 0.8944444444444445 0.034375 0.07222222222222222
4 0.478125 0.9694444444444444 0.0375 0.06111111111111111
5 0.89375 0.8888888888888888 0.0328125 0.06111111111111111
6 0.409375 0.5722222222222222 0.0265625 0.04722222222222222
7 0.225 0.35833333333333334 0.0234375 0.041666666666666664
14 0.3765625 0.8111111111111111 0.025 0.044444444444444446
15 0.15 0.7944444444444444 0.0203125 0.03888888888888889
16 0.1171875 0.7666666666666667 0.021875 0.03611111111111111
17 0.075 0.6555555555555556 0.01875 0.041666666666666664
18 0.3171875 0.6111111111111112 0.0234375 0.04722222222222222
19 0.853125 0.6611111111111111 0.021875 0.044444444444444446
20 0.2265625 0.8527777777777777 0.021875 0.041666666666666664
21 0.7828125 0.6805555555555556 0.0234375 0.041666666666666664
8 0.1 0.44166666666666665 0.021875 0.03611111111111111
9 0.55 0.8277777777777777 0.0234375 0.044444444444444446
10 0.29375 0.5583333333333333 0.0265625 0.04722222222222222
11 0.3625 0.5277777777777778 0.025 0.04722222222222222
12 0.5703125 0.4888888888888889 0.0265625 0.044444444444444446
13 0.115625 0.48333333333333334 0.0203125 0.03888888888888889