1 0.475 0.03611111111111111 0.0375 0.06388888888888888
2 0.903125 0.12777777777777777 0.0328125 0.06666666666666667
3 0.059375 0.8972222222222223 0.0296875 0.05555555555555555
4 0.478125 0.9722222222222222 0.0390625 0.05555555555555555
5 0.896875 0.8916666666666667 0.03125 0.06111111111111111
6 0.234375 0.8666666666666667 0.0234375 0.041666666666666664
7 0.684375 0.7777777777777778 0.0234375 0.041666666666666664
14 0.159375 0.48333333333333334 0.021875 0.044444444444444446
15 0.06875 0.7694444444444445 0.0203125 0.03611111111111111
16 0.446875 0.09722222222222222 0.025 0.041666666666666664
17 0.55625 0.36666666666666664 0.0234375 0.044444444444444446
19 0.85625 0.6583333333333333 0.0203125 0.03888888888888889
20 0.196875 0.6555555555555556 0.0234375 0.041666666666666664
21 0.171875 0.55 0.0203125 0.041666666666666664
8 0.0578125 0.6694444444444444 0.021875 0.03611111111111111
9 0.2171875 0.5388888888888889 0.025 0.041666666666666664
10 0.41875 0.16666666666666666 0.0265625 0.04722222222222222
11 0.340625 0.6722222222222223 0.025 0.041666666666666664
12 0.203125 0.4666666666666667 0.0234375 0.041666666666666664
13 0.2390625 0.7333333333333333 0.0234375 0.044444444444444446