0 0.046875 0.1361111111111111 0.03125 0.058333333333333334
1 0.475 0.03333333333333333 0.0375 0.06388888888888888
2 0.9 0.12777777777777777 0.040625 0.06388888888888888
3 0.059375 0.8916666666666667 0.0375 0.06666666666666667
4 0.4796875 0.9694444444444444 0.0359375 0.06111111111111111
5 0.8953125 0.8888888888888888 0.0328125 0.058333333333333334
6 0.43125 0.9222222222222223 0.025 0.041666666666666664
7 0.140625 0.75 0.0203125 0.03611111111111111
14 0.19375 0.125 0.0234375 0.041666666666666664
15 0.209375 0.6805555555555556 0.025 0.044444444444444446
16 0.1859375 0.20277777777777778 0.0203125 0.03888888888888889
17 0.075 0.6583333333333333 0.01875 0.03611111111111111
19 0.8546875 0.6611111111111111 0.0203125 0.03888888888888889
20 0.3234375 0.9055555555555556 0.021875 0.03888888888888889
21 0.7828125 0.6833333333333333 0.021875 0.03888888888888889
8 0.5109375 0.5333333333333333 0.0265625 0.044444444444444446
9 0.55 0.8388888888888889 0.0234375 0.041666666666666664
10 0.29375 0.5555555555555556 0.025 0.04722222222222222
12 0.1265625 0.8166666666666667 0.021875 0.041666666666666664
13 0.659375 0.8277777777777777 0.0265625 0.041666666666666664