0 0.05625 0.125 0.025 0.05555555555555555
1 0.4859375 0.030555555555555555 0.0328125 0.058333333333333334
2 0.9109375 0.13055555555555556 0.028125 0.058333333333333334
3 0.065625 0.8805555555555555 0.034375 0.06111111111111111
4 0.4828125 0.9722222222222222 0.034375 0.05555555555555555
5 0.9 0.8916666666666667 0.03125 0.058333333333333334
6 0.25625 0.3388888888888889 0.0234375 0.041666666666666664
14 0.171875 0.1527777777777778 0.021875 0.044444444444444446
17 0.85 0.2361111111111111 0.01875 0.03611111111111111
20 0.215625 0.21944444444444444 0.021875 0.041666666666666664
8 0.71875 0.4111111111111111 0.025 0.044444444444444446