0 0.046875 0.1388888888888889 0.03125 0.05555555555555555
1 0.475 0.03611111111111111 0.0390625 0.06944444444444445
2 0.9015625 0.12777777777777777 0.0328125 0.058333333333333334
3 0.0609375 0.8944444444444445 0.034375 0.05555555555555555
4 0.478125 0.9722222222222222 0.0375 0.05277777777777778
5 0.89375 0.8888888888888888 0.0328125 0.058333333333333334
7 0.821875 0.7972222222222223 0.021875 0.041666666666666664
14 0.809375 0.7222222222222222 0.0234375 0.041666666666666664
19 0.2859375 0.9 0.021875 0.03888888888888889
20 0.8828125 0.6111111111111112 0.021875 0.03888888888888889
8 0.1453125 0.6305555555555555 0.0234375 0.03888888888888889
9 0.840625 0.7833333333333333 0.0203125 0.03611111111111111
10 0.85 0.5666666666666667 0.021875 0.041666666666666664